1079	500	100	1
1111	600	300	0
1132	800	100	1
1155	600	0	0
1255	500	0	0
1401	500	100	0
1489	800	0	1
1622	700	0	0
35	900	100	0
50	500	200	0
65	500	300	0
73	600	200	0
124	600	0	0
173	800	100	0
223	600	200	0
257	500	0	1
307	500	200	0
435	500	300	0
436	900	100	0
458	800	100	0
477	700	100	0
127	800	0	0
263	700	0	1
304	800	100	0
442	600	100	0
514	900	0	0
522	700	0	1
764	500	200	0
844	800	0	0
910	500	100	0
977	500	200	0
997	900	100	1
1036	500	100	1
1047	500	300	0
1081	600	100	1
1648	600	0	0
1785	900	0	1
1807	800	100	0
1880	500	0	0
1887	900	0	0
2000	800	300	1
2104	900	300	1
2127	900	300	1
2275	700	100	0
2363	500	100	1
2368	500	300	0
1234	700	100	0
1533	600	0	0
1533	600	100	1
1602	600	200	0
1628	900	0	0
1112	700	0	0
1212	900	100	0
1289	500	300	0
1415	600	200	0
1424	500	100	0
1473	800	200	0
1534	600	100	1
1636	600	0	0
1676	500	0	0
1728	800	0	1
1797	900	200	0
1814	800	100	0
1982	700	0	0
2022	500	0	0
2036	800	100	0
2078	600	0	0
2111	500	100	1
36	500	300	0
58	900	100	0
108	600	200	0
310	900	0	0
363	600	0	0
449	600	100	0
454	800	0	1
602	500	200	0
617	500	0	0
656	900	0	0
671	600	100	1
713	400	0	0
745	900	100	0
869	500	200	1
897	500	100	0
992	600	100	1
2262	700	100	0
2357	800	100	0
2381	600	300	0
64	600	200	0
74	600	300	0
88	600	0	0
268	700	0	1
276	500	100	0
323	500	100	0
389	500	100	0
541	500	0	0
1127	800	0	0
1145	700	200	0
1301	700	0	0
1304	900	200	1
1344	900	100	0
1453	800	0	0
1514	600	200	0
1633	900	0	0
1641	700	100	1
1688	700	100	1
1754	700	100	0
1755	600	200	1
1828	600	100	0
1925	600	100	1
559	600	200	0
570	800	0	1
590	700	200	1
666	800	200	1
867	600	100	0
879	700	0	0
1076	800	0	0
619	500	0	0
756	500	0	0
892	800	100	0
931	700	0	0
1075	900	100	0
1095	500	100	1
1128	600	100	0
1240	700	200	0
1306	500	100	0
1371	800	0	0
1433	600	200	0
1506	700	200	0
1619	600	0	0
2296	900	0	0
141	500	200	0
294	700	0	1
314	500	300	0
322	900	100	0
465	500	300	0
475	800	100	0
531	800	200	1
1659	900	0	0
1688	500	100	0
1865	600	100	0
1881	600	0	0
1984	700	0	0
2121	700	0	1
1696	700	100	0
1751	600	200	1
1991	600	0	0
2112	800	100	0
2164	700	0	0
2178	500	0	0
576	600	0	0
743	800	200	0
747	600	100	0
799	500	0	0
812	900	0	0
829	800	200	0
832	900	200	0
844	500	200	0
1055	800	100	0
1096	900	100	0
1242	700	0	0
1405	700	0	0
1564	500	100	0
1591	900	100	0
1634	800	100	1
79	800	0	0
198	900	100	0
226	700	100	0
257	800	100	0
269	600	100	0
290	800	0	1
331	500	100	0
423	500	300	0
43	600	200	0
99	800	100	0
381	800	0	0
431	600	100	0
518	900	0	0
523	700	0	1
571	900	100	1
581	800	100	1
654	700	0	0
716	900	100	0
761	900	100	0
808	700	0	1
827	600	0	0
1796	800	100	0
1802	900	200	0
1884	500	0	0
1888	900	0	0
1937	500	100	1
2019	900	0	0
2082	500	100	1
2127	500	100	1
2150	600	200	0
2173	900	0	0
2192	800	0	0
2388	900	200	1
1233	600	100	0
1269	700	100	0
1347	800	0	0
1461	500	200	0
1111	500	100	0
1172	700	200	0
1225	700	200	0
1261	500	0	0
1428	900	0	0
1531	700	100	1
1703	800	100	0
1865	500	200	0
2012	700	0	0
2026	800	100	0
2058	800	0	0
2076	600	0	0
2095	800	300	1
2111	900	100	0
2169	700	100	0
63	700	0	0
166	500	100	0
338	600	100	0
647	500	0	0
655	800	200	1
661	600	100	1
693	600	0	0
711	400	0	0
735	400	100	0
746	700	100	0
804	500	100	0
826	900	0	0
834	900	300	0
865	500	300	1
895	600	200	1
912	600	200	1
1021	900	100	0
1079	800	0	0
2192	500	0	0
2223	600	0	0
2387	500	100	1
2387	600	300	0
2329	700	0	0
2395	500	100	1
168	500	100	0
211	600	200	0
315	500	0	0
331	900	0	0
406	600	100	0
1321	600	0	0
1380	600	200	0
1533	700	100	1
1680	700	0	0
1697	500	0	1
1771	800	100	0
2006	600	0	0
2083	600	0	0
2115	900	100	0
2163	700	0	0
2175	700	100	0
652	800	100	0
716	800	300	0
717	800	100	0
718	400	0	0
733	500	200	0
750	700	100	0
798	500	0	0
808	700	200	0
810	500	100	0
869	800	0	0
890	800	300	0
964	500	0	0
1029	900	100	0
571	700	200	1
583	900	100	1
597	500	0	0
726	900	100	0
777	900	100	0
795	900	200	0
857	800	0	0
924	500	200	1
930	900	0	0
1177	900	0	0
1283	700	100	0
1362	500	0	0
31	800	0	0
34	600	300	0
303	800	100	0
312	600	200	0
370	800	100	0
407	600	0	0
413	600	0	0
436	600	300	0
529	800	100	1
1677	800	200	0
1772	800	0	1
1778	800	0	1
1949	500	100	1
2087	600	200	0
2092	500	100	1
2143	500	100	1
1720	700	100	0
1755	700	0	1
1804	600	200	0
1869	900	0	0
1982	600	0	1
2017	600	100	0
2040	600	0	0
2057	500	0	0
2065	600	0	0
2092	500	0	0
687	900	200	1
691	900	0	0
700	400	0	0
726	900	0	1
959	600	300	1
1112	600	300	0
1114	900	100	1
1291	600	0	0
1395	800	100	0
1423	500	200	0
1536	600	100	1
1556	800	100	0
1586	500	100	0
1611	900	100	1
191	600	100	1
220	900	100	0
246	700	100	0
355	500	100	0
390	500	0	0
504	700	0	0
40	500	300	0
321	800	0	0
352	500	0	0
352	900	100	0
387	600	100	0
409	500	200	0
612	900	0	0
615	900	0	0
639	600	0	0
762	800	100	0
782	500	200	0
951	800	100	1
1025	900	0	0
1031	800	0	0
1717	700	0	1
1718	500	100	1
1741	900	200	0
1752	800	100	0
1760	600	200	1
1774	700	200	0
1978	500	0	1
1981	500	0	1
1995	700	300	1
2004	800	0	0
2181	600	0	0
2372	600	100	1
2391	500	0	0
1103	900	100	0
1127	500	100	0
1172	500	0	0
1265	500	300	0
1305	700	200	1
1332	500	100	1
1275	800	0	0
1376	700	0	0
1378	900	100	0
1545	800	200	0
1672	600	100	0
1679	700	100	1
1702	600	100	1
1728	700	100	0
1734	700	0	1
1790	700	100	0
1821	700	0	0
1976	700	300	1
2030	500	0	0
2126	800	0	1
57	600	200	0
180	600	200	0
314	500	100	0
363	500	100	0
369	500	0	0
412	800	100	0
425	500	100	0
456	500	0	0
524	700	200	1
664	900	0	0
702	800	100	0
761	600	0	0
2306	700	100	0
2369	700	200	1
104	900	100	0
188	800	0	0
191	500	0	1
267	600	100	0
310	500	200	0
468	600	0	0
546	500	0	0
1254	900	100	0
1317	500	0	0
1326	600	100	1
1470	500	100	0
1556	700	0	0
1632	800	100	1
1675	700	200	0
1833	800	0	0
1837	600	100	0
1867	500	200	0
1901	600	0	0
2018	800	200	0
2055	800	300	1
2070	700	200	0
2159	500	100	0
604	600	200	0
653	600	200	0
705	500	200	0
793	900	100	0
801	800	100	0
934	900	0	0
941	500	100	0
1004	500	200	0
597	700	200	1
715	600	200	0
729	500	0	0
960	500	100	1
968	600	0	0
1053	900	100	0
1090	500	100	1
1125	800	100	1
1242	900	0	0
1251	800	0	0
1279	900	200	1
1286	700	100	0
1316	800	100	0
1505	600	0	0
1565	900	0	0
1622	500	0	0
2325	700	100	0
2333	800	0	0
70	800	100	0
199	800	100	0
200	700	0	1
256	900	0	1
1673	900	200	0
1755	600	0	1
1798	600	200	0
1866	500	200	0
2094	700	0	1
2109	800	300	1
1683	900	200	0
1860	500	100	0
1886	500	200	0
1904	900	100	0
1992	800	300	1
2195	600	100	0
2229	600	100	0
610	900	300	0
938	800	0	0
983	800	0	1
1143	500	100	0
1162	500	0	0
1297	800	0	0
1309	900	200	1
1335	900	0	0
1380	500	0	0
1404	700	0	0
1461	500	100	0
1567	600	200	0
33	600	300	0
95	900	100	0
267	800	100	0
420	800	0	1
494	900	100	0
539	700	100	1
91	400	0	0
99	900	100	0
121	600	100	0
172	800	100	0
201	600	0	1
280	800	0	1
370	500	200	0
406	700	0	0
414	600	300	0
531	700	0	1
551	900	200	1
637	700	200	1
658	800	0	0
669	900	300	0
775	500	200	0
883	600	200	1
1061	900	100	0
1072	700	0	0
1735	700	200	0
1771	900	0	1
1896	900	0	0
1910	600	0	0
2002	900	200	0
1183	700	100	0
1224	500	100	0
1261	800	100	0
1346	900	0	0
1417	600	200	0
1456	600	0	0
1465	500	100	0
1486	800	100	1
1530	600	100	1
1566	800	0	0
1095	700	0	0
1142	900	0	0
1211	600	300	0
1298	700	100	0
1335	600	0	0
1414	500	200	0
1435	500	200	0
1444	600	0	0
1656	900	100	1
1782	900	100	0
1935	500	0	1
1979	900	200	0
2037	500	0	0
2075	600	100	1
2140	900	300	1
2170	900	100	0
2175	500	100	0
79	400	0	0
291	700	100	0
417	700	100	1
569	900	0	1
573	600	100	0
614	700	200	1
671	900	0	0
710	400	100	0
769	800	200	0
805	700	100	0
809	900	100	1
898	600	200	1
945	600	0	0
1073	800	100	0
2310	800	0	0
2219	600	0	0
2326	700	100	0
2388	500	100	1
123	700	0	0
376	600	300	0
387	500	100	0
1261	800	0	0
1261	900	0	0
1488	900	0	1
1752	700	100	0
1886	600	0	0
2080	600	100	1
2107	800	300	1
2131	900	0	1
2133	700	0	1
2178	600	100	0
559	500	200	0
594	500	100	0
715	400	100	0
725	800	200	0
766	700	0	1
768	500	0	0
813	400	100	0
854	800	100	0
922	500	200	1
953	700	300	0
961	500	100	1
1022	900	100	0
1061	600	0	0
1076	800	100	0
628	700	300	0
645	600	200	0
699	900	300	0
726	500	100	0
810	600	200	0
881	800	300	0
935	800	0	0
965	600	100	1
1006	800	0	1
1069	700	100	0
1159	500	100	0
1272	800	100	0
1400	500	200	0
1465	700	200	0
1563	800	100	0
1567	600	0	1
1588	500	0	1
1593	500	200	0
1624	900	200	0
2273	800	0	0
2330	800	100	0
100	500	200	0
185	800	100	0
198	600	100	0
222	900	0	1
346	500	0	0
417	900	0	1
453	500	100	0
1711	700	0	1
1783	500	0	1
1818	700	100	0
1876	600	200	0
1903	600	200	0
1993	900	300	1
2010	800	200	0
2055	900	0	0
2091	700	100	0
1749	800	0	1
1760	700	100	0
1763	700	0	1
1809	500	0	0
2052	900	100	0
2079	900	300	1
2093	900	300	1
2133	900	0	1
2143	800	100	0
2146	800	0	1
2216	600	100	0
2270	800	100	0
2310	900	100	0
2391	500	200	0
687	700	100	0
714	700	300	0
744	800	0	1
768	700	0	1
778	600	100	0
781	600	0	0
791	700	200	0
872	500	0	0
905	600	100	0
945	700	100	0
1139	900	100	1
1143	900	200	0
1179	800	0	0
1216	600	300	0
384	600	0	0
395	500	100	0
398	500	0	0
443	900	0	1
536	800	200	1
26	700	0	0
279	700	0	1
290	700	100	0
331	600	300	0
385	600	0	0
478	500	100	0
523	900	200	1
642	800	200	1
650	900	100	0
657	900	300	0
674	800	100	0
757	700	200	0
825	900	100	1
948	700	0	0
1003	500	200	0
1644	900	0	0
1655	900	100	1
1750	800	0	1
1843	700	100	0
1889	500	200	0
2016	500	100	0
2191	500	100	0
2313	900	0	0
2368	700	200	1
2370	500	300	0
1116	800	0	0
1152	800	100	0
1152	900	200	0
1187	800	100	0
1345	800	100	0
1350	900	0	0
1391	900	0	0
1155	800	0	0
1355	700	0	0
1387	600	200	0
1410	700	0	0
1426	600	100	0
1446	600	200	0
1463	700	100	1
1545	700	200	0
1550	900	100	0
1573	800	200	0
1638	800	100	1
1658	900	0	0
1669	800	100	1
2000	900	300	1
2001	500	100	0
2169	500	0	0
61	400	100	0
98	500	100	0
180	500	200	0
185	700	100	0
189	800	0	1
208	600	200	0
273	600	100	0
293	700	0	1
304	600	100	0
321	600	300	0
367	600	300	0
635	700	300	0
635	900	100	0
715	800	300	0
803	900	0	1
809	900	200	0
836	800	100	1
841	700	300	0
957	900	0	1
1085	900	100	0
2260	900	0	0
101	600	300	0
137	500	200	0
430	900	0	1
446	800	0	1
457	800	100	0
481	500	0	0
1175	500	100	0
1348	800	0	0
1494	600	100	1
1502	700	200	0
1715	600	100	1
1796	500	0	1
1811	500	200	0
1846	700	0	0
1884	600	0	0
2041	800	200	0
2161	900	0	0
2175	900	100	0
623	800	300	0
676	600	200	0
797	700	200	0
810	700	100	1
887	800	0	0
895	700	0	0
912	900	100	0
914	900	100	0
1066	800	100	0
677	800	0	0
746	700	0	1
814	700	100	1
848	600	300	1
1093	900	100	0
1208	800	0	0
1212	900	200	0
1276	700	200	1
1391	800	100	0
1473	700	100	1
1555	600	200	0
1556	900	100	0
1595	600	100	0
1630	500	0	0
2382	600	200	0
41	600	200	0
108	500	100	0
191	700	100	1
264	900	0	1
464	700	0	1
1689	600	100	0
1735	900	200	0
1762	900	0	1
1805	800	100	0
1814	600	0	0
1829	900	0	0
2111	900	0	1
2115	700	300	1
2179	900	100	0
1798	700	200	0
1861	700	100	0
2013	500	100	0
2030	500	100	0
2141	600	100	1
2194	500	0	0
2206	700	0	0
2207	500	100	0
571	500	200	0
596	800	100	1
647	900	100	0
664	900	100	0
665	800	0	0
700	800	200	0
776	400	100	0
816	800	300	0
828	900	0	0
841	500	0	0
841	900	100	1
958	700	300	0
1118	600	100	0
1190	800	0	0
1234	500	300	0
1327	500	0	0
1520	500	200	0
1558	900	0	0
1617	800	100	1
193	700	0	1
252	600	100	0
496	500	100	0
546	600	200	0
260	500	200	0
325	500	200	0
416	800	0	0
419	500	100	0
475	500	300	0
634	800	200	1
653	900	0	0
674	600	100	1
713	700	100	0
765	500	0	0
792	800	100	0
967	700	100	1
1057	600	100	1
1675	900	100	1
1764	900	200	0
1784	700	100	0
1790	600	0	1
1848	600	0	0
2019	500	0	0
2039	800	100	0
2078	900	100	0
2094	900	300	1
2130	700	0	1
2332	900	100	0
1184	500	0	0
1222	500	0	0
1306	800	0	0
1625	700	200	0
1099	700	100	0
1167	900	100	0
1175	500	0	0
1191	500	100	0
1379	500	200	0
1401	600	200	0
1444	900	0	0
1560	500	200	0
1883	900	0	0
2004	500	0	0
2125	700	100	0
2183	600	100	0
59	800	100	0
79	700	0	0
129	800	0	0
638	900	0	0
729	800	100	0
760	500	100	0
839	800	0	0
841	800	200	0
845	900	300	0
957	700	300	0
1083	800	0	0
2370	700	100	0
2380	500	300	0
29	800	100	0
101	500	0	0
131	700	0	0
160	700	0	0
307	600	0	0
334	600	300	0
427	500	100	0
489	500	100	0
1095	600	300	0
1208	800	200	0
1288	500	0	0
1466	700	0	1
1496	900	0	1
1525	900	0	1
1527	500	200	0
1672	800	0	0
1792	700	100	0
1854	700	100	0
2001	700	100	0
2140	700	300	1
636	500	100	1
639	800	100	0
672	800	100	0
1005	500	100	1
1026	800	0	0
1060	900	100	0
630	500	200	0
630	800	0	0
658	800	300	0
679	600	0	0
851	700	100	0
857	900	100	0
877	600	100	0
878	700	0	0
901	700	300	0
1059	800	0	0
1265	800	200	1
1378	500	0	0
1504	700	200	0
2216	900	100	0
2223	500	100	0
98	500	300	0
139	500	200	0
276	600	0	1
340	700	0	0
341	700	100	0
356	800	100	0
401	700	0	0
524	600	100	0
1641	800	0	0
1705	900	0	1
1706	900	100	0
1707	900	200	0
1766	900	0	1
1889	800	100	0
1995	700	200	0
2009	800	300	1
2044	800	0	0
1705	700	200	0
1715	500	0	1
1836	900	100	0
1841	600	100	0
1904	600	200	0
1974	800	300	1
1982	900	300	1
2027	800	300	1
2074	900	0	1
2141	800	0	1
2213	800	100	0
2397	500	300	0
617	700	300	0
637	800	300	0
709	700	0	1
791	800	0	1
820	900	200	0
848	600	100	1
880	800	0	0
917	500	200	1
1088	900	0	0
1094	500	300	0
1117	900	100	1
1235	600	100	0
1241	700	100	0
1287	800	100	0
1429	600	0	0
1485	500	0	0
1525	500	100	1
64	400	0	0
119	900	0	0
159	900	100	0
340	500	200	0
349	900	0	0
471	700	100	0
163	900	100	0
188	700	0	0
189	500	200	0
389	600	300	0
460	600	300	0
555	900	0	1
605	700	100	1
628	900	0	0
692	400	0	0
846	900	0	0
904	700	300	0
911	600	0	0
947	500	200	1
1001	800	100	1
1718	600	0	1
1921	500	0	0
1943	600	100	1
1994	500	0	0
2057	600	0	0
2212	500	0	0
2276	800	0	0
2372	600	200	0
1105	800	0	0
1203	600	300	0
1207	500	100	0
1269	600	100	0
1286	500	100	0
1355	800	100	0
1529	500	100	1
1553	900	0	0
1554	700	200	0
1115	600	100	0
1125	900	100	1
1149	600	0	0
1164	500	100	0
1221	900	0	0
1264	600	0	0
1362	700	100	0
1363	700	0	0
1404	500	200	0
1777	900	200	0
1930	500	100	1
2055	700	200	0
2136	800	0	1
2178	900	0	0
526	800	100	1
562	500	0	0
564	900	100	1
690	500	200	0
771	600	0	0
813	700	0	0
821	500	0	0
902	900	300	0
984	600	100	1
2186	700	0	0
2349	800	100	0
2320	900	0	0
2390	700	100	0
70	800	0	0
116	800	100	0
186	900	100	0
194	600	200	0
393	500	300	0
460	800	0	1
1252	600	0	0
1509	500	200	0
1552	500	100	0
1559	800	200	0
1694	600	0	1
1734	500	200	1
1974	900	0	0
2084	700	0	1
2161	800	100	0
609	700	0	1
635	800	300	0
719	500	0	0
796	600	100	0
873	900	100	0
915	900	0	0
955	700	0	1
978	800	100	1
979	800	100	1
1025	500	100	1
1038	500	100	1
640	900	300	0
743	800	0	1
839	900	0	0
863	500	300	1
918	600	200	1
1069	800	0	0
1178	500	0	0
1226	600	300	0
1230	700	200	0
1273	800	100	0
1340	900	100	0
1344	800	0	0
1411	500	0	0
1561	900	200	0
1600	500	0	1
2205	500	0	0
45	900	0	0
186	800	0	0
234	900	0	1
312	800	100	0
347	600	200	0
404	500	100	0
437	800	100	0
451	500	100	0
517	500	100	0
535	800	100	1
1712	800	200	0
1769	700	100	0
1785	700	200	0
1816	700	100	0
1882	700	100	0
2114	700	300	1
1703	600	100	1
1720	500	200	1
1816	500	100	0
1854	600	200	0
2081	800	0	1
2098	900	300	1
2148	900	300	1
567	500	0	0
573	800	100	1
579	700	200	1
593	500	0	0
692	800	0	0
716	600	0	0
781	500	200	0
934	700	300	0
963	500	300	1
987	800	0	1
1054	900	0	0
1203	900	100	0
1223	500	100	0
1230	500	0	0
1286	600	100	0
1370	800	100	0
1471	800	200	0
1472	900	100	1
1497	600	0	0
25	600	200	0
106	600	200	0
107	700	100	0
323	600	300	0
450	900	100	0
515	500	200	0
68	900	100	0
161	500	200	0
175	900	0	0
192	600	0	1
192	800	100	1
326	900	100	0
338	900	0	0
354	700	100	0
459	500	100	0
515	600	200	0
621	600	200	0
663	500	200	0
700	800	300	0
892	700	300	0
917	900	0	0
949	500	300	1
1068	600	100	1
1692	500	100	0
1704	500	0	1
1719	900	100	0
1824	700	100	0
1866	600	100	0
1986	800	200	0
2028	700	200	0
2066	600	200	0
2120	900	300	1
1111	700	0	0
1235	600	0	0
1310	800	100	0
1434	500	100	0
1484	500	200	0
1526	700	200	0
1541	500	0	0
1557	800	0	0
1097	900	0	0
1224	900	100	0
1392	600	100	0
1397	700	100	0
1472	900	200	0
1596	600	200	0
1607	600	0	0
1708	800	200	0
2005	900	200	0
2016	700	300	1
2042	900	300	1
2065	500	100	0
2101	500	200	0
2182	900	0	0
27	400	100	0
343	600	200	0
640	700	200	1
677	700	300	0
699	900	100	0
735	900	200	0
742	600	200	0
817	700	0	0
822	500	0	0
889	900	100	0
907	600	300	1
946	800	300	0
953	500	0	0
963	800	0	1
2187	700	0	0
2228	600	0	0
2275	800	100	0
2318	700	0	0
2210	500	100	0
2297	700	100	0
180	600	100	0
194	700	0	1
298	500	200	0
309	600	0	0
362	500	0	0
443	600	0	0
500	500	200	0
1107	500	0	0
1125	700	0	0
1149	900	100	0
1304	500	300	0
1545	800	100	1
1559	900	0	0
1663	700	200	0
1674	800	0	0
1727	700	0	1
1808	800	0	0
1839	600	0	0
2120	800	100	0
678	800	100	0
695	800	0	0
755	600	100	0
844	900	100	1
874	700	100	0
897	600	300	1
932	500	100	0
943	600	300	1
630	700	0	0
678	900	300	0
808	800	300	0
878	700	100	0
937	600	0	0
938	500	100	0
945	900	0	0
1096	900	0	0
1239	500	100	0
1262	900	0	0
1385	600	200	0
1463	600	100	0
1528	600	100	1
1622	600	0	0
2302	800	0	0
2303	700	100	0
2378	500	300	0
2387	500	300	0
83	500	200	0
98	400	100	0
106	800	100	0
294	500	100	0
296	500	100	0
318	500	200	0
1659	700	100	1
1661	700	100	1
1683	700	200	0
1692	600	0	0
1699	600	0	1
1995	900	0	0
2042	800	300	1
1660	900	0	0
1979	500	0	1
2000	800	100	0
2031	900	300	1
2077	500	100	1
2094	800	100	0
2220	500	100	0
2378	600	0	0
613	900	0	0
635	600	100	1
666	700	300	0
711	900	100	0
729	600	100	0
854	900	100	0
895	900	0	0
1114	600	100	0
1157	900	100	0
1207	800	200	0
1229	700	0	0
1248	500	300	0
1298	800	200	1
1340	600	100	1
1388	800	0	0
1394	800	0	0
1411	700	100	0
1532	900	200	0
1564	500	200	0
295	700	0	1
485	800	0	0
27	600	300	0
111	500	0	0
348	900	100	0
396	600	200	0
473	800	0	1
566	600	200	0
679	600	200	0
688	900	0	0
709	900	300	0
719	700	200	0
905	900	100	0
907	600	0	0
981	800	100	1
990	700	0	1
1025	700	0	0
1681	600	0	0
1714	500	100	1
1739	900	100	0
1761	800	200	0
1840	500	200	0
2044	800	200	0
2054	500	0	0
2206	600	100	0
2272	800	0	0
2355	900	0	0
2367	600	100	1
2390	900	0	0
1181	600	100	0
1211	700	200	0
1242	900	100	0
1476	700	0	1
1573	900	200	0
1598	600	0	1
1231	900	100	0
1422	500	200	0
1460	500	100	0
1462	800	100	1
1620	800	0	0
1656	600	0	0
1717	800	200	0
1762	600	100	1
1797	600	0	1
1817	800	100	0
1846	500	100	0
1848	700	100	0
1978	800	200	0
2016	500	0	0
2168	700	0	0
94	900	100	0
97	600	100	0
255	600	0	1
352	600	200	0
452	600	100	0
480	900	100	0
483	500	100	0
580	500	200	0
613	600	200	0
647	800	0	0
650	900	0	0
697	900	200	1
803	500	0	0
911	700	0	0
914	700	0	0
2276	900	0	0
2279	900	0	0
2384	800	200	1
2328	900	0	0
2381	900	200	1
105	700	0	0
141	700	100	0
309	900	0	0
369	500	300	0
377	600	0	0
442	500	100	0
1117	800	100	1
1147	800	100	1
1188	800	200	0
1223	600	100	0
1242	500	300	0
1255	500	100	0
1324	700	0	0
1470	900	0	1
1502	600	200	0
1506	900	100	1
1573	600	100	0
1675	500	0	0
1742	800	0	1
1807	700	100	0
1880	500	200	0
2033	500	0	0
2163	600	0	0
553	500	100	0
588	900	200	1
599	900	200	1
667	900	0	0
798	400	0	0
891	800	0	0
963	700	0	1
610	800	200	1
754	900	0	1
779	400	0	0
844	900	0	0
950	500	200	0
1069	500	100	1
1113	600	300	0
1164	700	200	0
1214	500	300	0
1382	900	100	0
1513	600	100	1
1517	600	0	0
1598	500	100	0
1612	600	100	0
1615	900	0	0
2210	500	0	0
2375	500	300	0
232	900	100	0
250	700	0	1
362	600	100	0
489	900	0	0
491	500	100	0
1714	600	200	1
1727	800	100	0
1855	500	0	0
1856	700	100	0
2120	500	0	0
2144	600	0	0
1755	800	200	0
1864	700	0	0
1936	600	100	1
2127	600	100	1
2133	900	300	1
2380	800	200	1
2393	500	0	0
554	700	200	1
555	700	0	1
561	800	200	1
762	400	100	0
771	800	100	0
867	800	0	0
881	600	100	0
921	900	100	0
1027	900	0	0
1088	500	100	1
1121	600	0	0
1140	900	200	0
1141	900	200	0
1218	500	100	0
1233	700	0	0
1237	700	200	0
1282	800	100	0
1371	600	0	0
1414	700	100	0
1449	800	0	0
84	600	0	0
390	600	200	0
499	500	0	0
36	800	0	0
95	700	0	0
159	600	200	0
176	500	0	0
223	900	100	0
269	500	0	1
275	600	100	0
309	600	100	0
337	900	0	0
554	800	0	1
584	600	0	0
599	800	0	1
622	900	100	0
660	500	200	0
667	700	100	0
672	800	200	1
724	600	100	0
1010	600	100	1
1080	500	300	0
1640	800	100	1
1674	800	100	1
1703	500	0	1
1988	500	100	1
2011	700	300	1
2025	700	200	0
2032	900	100	0
2089	800	100	0
2375	800	100	0
1160	900	200	0
1181	900	100	0
1290	800	200	1
1460	900	0	0
1524	800	200	0
1541	700	0	1
1589	500	100	0
1634	700	0	0
1182	800	0	0
1191	900	200	0
1271	500	100	0
1277	700	200	1
1311	700	100	0
1352	500	100	1
1371	500	0	0
1526	600	0	0
1593	500	100	0
1678	900	0	0
2070	700	0	1
2072	600	100	1
2134	700	300	1
101	500	300	0
106	500	300	0
227	900	100	0
313	700	0	0
584	700	200	1
705	500	0	0
707	400	100	0
830	500	0	0
840	800	200	0
913	800	0	0
965	600	300	1
983	600	100	1
1010	500	200	0
1078	600	100	1
2195	700	0	0
2348	800	100	0
2375	700	200	1
2316	800	0	0
2335	900	0	0
2363	600	300	0
28	900	0	0
155	600	100	0
274	800	0	1
280	500	0	1
419	700	100	0
545	700	100	1
1189	900	100	0
1254	700	200	1
1394	500	0	0
1415	500	200	0
1426	700	100	0
1520	800	100	1
1645	700	0	0
1724	500	200	1
1784	900	100	0
1884	600	100	0
600	600	200	0
627	900	300	0
688	900	200	1
868	700	0	0
951	600	0	0
970	700	0	1
975	800	100	1
1024	500	300	0
1072	600	0	0
561	600	0	0
634	900	200	1
702	600	100	0
709	900	200	0
722	500	100	0
852	600	300	1
877	800	0	0
933	700	100	0
937	900	100	0
1060	600	0	0
1065	500	0	0
1089	500	100	1
1146	700	200	0
1441	700	0	0
1502	600	0	0
1525	800	100	1
1562	500	200	0
2298	900	100	0
2349	500	300	0
160	600	100	0
195	500	0	1
214	600	200	0
351	600	300	0
422	500	0	0
1665	600	100	0
1787	700	0	1
1835	600	0	0
1887	600	100	0
2067	800	100	0
2075	500	200	0
2087	700	100	0
2092	600	200	0
1880	700	100	0
1889	800	0	0
2010	500	0	0
2042	800	0	0
2081	900	0	1
2083	600	100	1
2219	700	100	0
2354	700	0	0
2361	800	100	0
551	800	0	1
581	500	100	0
602	800	200	1
644	900	0	0
646	800	300	0
677	600	0	0
716	700	0	1
718	400	100	0
740	500	200	0
767	800	200	0
854	500	100	0
899	600	300	1
989	500	0	0
996	600	100	1
1066	900	0	0
1150	900	100	0
1183	600	0	0
1287	500	100	0
1623	800	100	1
258	600	100	0
410	800	100	0
495	600	200	0
515	500	100	0
524	600	0	0
66	500	200	0
296	600	100	0
350	800	100	0
360	800	0	0
521	700	0	1
523	500	100	0
622	800	0	0
674	900	200	1
696	900	0	0
742	700	0	1
743	600	100	0
795	800	0	1
815	700	100	1
1067	500	0	0
1661	800	100	1
1665	900	200	0
1783	900	200	0
1859	600	200	0
1886	900	0	0
1888	700	100	0
2033	800	300	1
2062	500	0	0
2107	900	0	1
2108	800	100	0
2180	900	100	0
2374	600	100	1
1109	600	300	0
1197	700	100	0
1267	900	100	0
1365	800	0	0
1517	900	200	0
1163	900	200	0
1170	900	0	0
1247	500	0	0
1448	600	200	0
1485	600	100	1
1690	700	0	0
1762	800	0	1
1783	900	100	0
1792	900	200	0
1804	500	200	0
1963	600	100	1
2036	600	0	0
2156	600	100	0
223	800	100	0
325	500	0	0
397	600	0	0
418	700	100	0
578	500	0	0
606	500	100	0
732	800	0	1
791	400	100	0
953	900	100	1
1073	700	100	0
2368	600	300	0
2393	500	300	0
2390	800	200	1
32	500	200	0
38	600	200	0
226	500	100	0
284	500	0	1
288	900	0	1
373	500	200	0
1102	700	0	0
1213	900	100	0
1256	700	0	0
1366	800	0	0
1591	700	100	0
1647	600	100	0
1649	700	0	0
1654	500	0	0
1738	700	200	0
1983	700	200	0
1998	600	100	0
2066	700	300	1
2129	500	100	1
2144	500	100	1
618	500	200	0
763	900	100	0
771	800	0	1
778	900	100	0
885	900	300	0
892	600	200	1
592	500	0	0
638	500	200	0
729	700	0	1
777	500	200	0
800	400	0	0
820	500	200	0
831	600	200	0
856	500	300	1
871	800	100	0
964	800	0	1
1040	900	100	0
1095	500	0	0
1160	800	100	0
1194	500	0	0
1268	600	100	0
1303	500	100	0
2303	900	100	0
2348	600	300	0
313	700	100	0
343	900	0	0
410	600	300	0
503	800	0	0
1678	900	100	1
1709	500	0	1
1877	600	100	0
2003	700	200	0
2094	900	0	1
2165	600	0	0
1684	900	100	1
1868	800	100	0
2061	700	0	0
2128	700	0	1
2145	500	0	0
2307	900	100	0
2375	900	200	1
551	500	200	0
563	700	0	1
633	800	200	1
696	500	0	0
763	500	0	0
779	900	0	1
824	800	0	0
901	500	300	1
939	800	100	0
942	700	100	0
974	600	200	0
1042	900	100	0
1079	600	300	0
1134	800	100	1
1221	900	100	0
1253	600	300	0
1430	600	0	0
1512	800	200	0
62	800	0	0
65	400	0	0
72	500	200	0
147	600	200	0
293	800	0	1
319	700	100	0
503	600	100	0
166	500	200	0
221	600	100	0
236	500	100	0
260	700	0	1
281	800	0	1
492	500	0	0
563	800	100	1
775	900	100	0
792	900	100	0
862	800	300	0
969	900	100	1
1040	800	100	0
1045	500	0	0
1857	700	0	0
1879	600	0	0
1884	500	200	0
1885	600	0	0
2141	500	100	1
2158	500	100	0
2186	600	0	0
2202	600	100	0
1127	700	0	0
1531	700	200	0
1586	800	100	0
1601	700	100	0
1625	900	0	0
1095	700	100	0
1139	900	0	0
1227	800	200	0
1406	600	0	0
1407	600	100	0
1464	600	0	0
1482	900	0	1
1520	900	0	1
1803	900	100	0
1989	700	100	0
2069	800	100	0
32	800	0	0
41	400	0	0
42	400	100	0
99	400	0	0
117	700	0	0
119	800	100	0
155	700	0	0
335	500	200	0
338	500	300	0
438	700	100	0
502	800	100	0
547	500	100	0
624	500	100	1
704	600	100	0
794	900	200	0
806	800	0	1
944	700	300	0
952	700	0	1
965	500	200	0
2317	900	0	0
2363	600	200	0
2385	600	200	0
2206	900	100	0
2302	900	0	0
108	700	0	0
378	500	0	0
455	800	0	1
1215	500	300	0
1227	700	100	0
1295	900	100	0
1319	500	100	0
1473	900	0	1
1540	600	100	1
1603	600	100	0
1742	500	200	1
1743	700	0	1
1978	800	100	0
2016	900	300	1
2051	900	200	0
2111	600	0	0
603	900	300	0
613	600	100	0
651	700	300	0
653	900	200	1
686	700	200	1
746	400	0	0
841	700	100	1
870	600	100	0
900	500	200	1
922	800	0	0
934	800	300	0
937	700	0	0
1063	900	0	0
1066	600	300	0
553	600	100	0
555	500	100	0
617	500	100	0
618	700	300	0
699	800	0	1
798	600	200	0
801	900	200	0
817	500	0	0
834	900	200	0
888	500	100	0
1188	900	100	0
1288	800	0	0
1315	500	300	0
1450	600	100	0
1586	900	0	0
1602	700	200	0
1628	800	100	1
2205	800	100	0
85	400	100	0
221	700	0	1
237	500	200	0
263	600	100	0
430	500	0	0
459	500	0	0
1795	700	0	1
1824	700	0	0
1952	600	0	1
1982	700	100	0
1983	900	300	1
2131	700	300	1
2182	700	0	0
1660	800	0	0
1676	900	0	0
1765	500	0	1
1859	800	100	0
2004	700	0	0
2065	700	0	0
2129	700	100	0
2138	600	0	0
2344	900	100	0
2351	500	100	1
2359	600	200	0
2375	800	200	1
589	600	200	0
598	900	200	1
639	500	0	0
642	800	0	0
700	500	0	0
764	500	100	0
773	400	0	0
779	500	200	0
979	700	100	1
985	900	100	1
1010	600	200	0
1133	500	100	0
1257	800	0	0
1483	600	100	1
246	800	0	1
295	600	0	1
311	700	0	0
322	800	100	0
370	600	300	0
399	900	0	0
494	600	100	0
113	500	100	0
192	500	200	0
293	800	100	0
392	600	0	0
424	600	300	0
445	600	300	0
469	700	100	0
496	600	200	0
496	800	0	0
585	900	200	1
648	700	0	0
651	600	200	0
675	800	0	0
733	400	100	0
1008	500	0	0
1045	600	0	0
1757	800	0	1
1834	900	100	0
2013	900	0	0
2016	800	200	0
2098	600	100	1
2373	700	0	0
1167	600	100	0
1177	500	0	0
1245	900	100	0
1286	800	100	0
1369	700	100	0
1387	700	0	0
1460	900	200	0
1478	700	100	1
1557	500	200	0
1557	700	200	0
1145	700	0	0
1335	500	100	1
1414	500	100	0
1480	900	200	0
1503	600	200	0
1587	500	200	0
1653	500	100	0
1673	600	0	0
1783	900	0	1
1812	600	100	0
1852	700	0	0
1892	800	0	0
1997	700	300	1
2098	900	100	0
2166	600	100	0
48	900	100	0
232	500	200	0
287	900	100	0
407	800	0	0
418	700	0	1
487	500	0	0
527	600	0	0
595	900	200	1
680	800	100	0
714	800	100	0
721	800	0	1
733	700	100	0
801	400	100	0
922	600	200	1
927	700	0	0
964	600	200	0
980	500	200	0
2292	900	0	0
2355	600	300	0
2369	500	300	0
2219	900	0	0
94	600	300	0
155	500	0	0
291	900	100	0
296	900	0	1
387	600	0	0
429	800	100	0
1112	500	0	0
1253	900	100	0
1261	800	200	1
1264	600	300	0
1292	500	100	0
1334	600	0	0
1337	600	100	1
1388	800	100	0
1520	700	0	1
1657	500	100	0
1662	500	0	0
1752	800	0	1
1987	800	200	0
2058	500	100	0
2063	800	100	0
2130	800	0	1
622	600	200	0
678	900	200	1
684	800	300	0
692	900	100	0
698	600	100	0
765	600	0	0
819	600	200	0
829	500	200	0
854	700	0	0
560	800	100	1
620	700	300	0
725	400	0	0
860	900	0	0
862	700	300	0
868	600	0	0
908	500	0	0
1001	900	100	1
1017	900	0	0
1119	900	0	0
1166	500	100	0
1266	800	200	1
1388	600	200	0
2226	500	0	0
2273	700	0	0
2367	500	100	1
2374	500	200	0
2383	500	0	0
76	800	0	0
125	500	100	0
241	800	100	0
314	900	100	0
347	500	200	0
1680	500	100	0
1712	700	200	0
1789	600	100	1
1790	600	100	1
1985	900	300	1
2090	600	0	0
1709	900	0	1
1882	500	200	0
1897	700	100	0
1898	900	0	0
2070	800	100	0
2149	500	200	0
2292	800	100	0
2374	800	200	1
579	500	100	0
685	800	0	0
705	600	100	0
783	900	200	0
836	700	200	0
927	600	100	0
927	600	300	1
960	800	0	1
1009	600	200	0
1110	500	300	0
1138	700	0	0
1153	500	100	0
1214	700	0	0
1248	600	100	0
1254	500	0	0
1310	600	0	0
1346	600	100	1
1468	900	100	1
56	600	300	0
103	700	100	0
344	700	0	0
422	600	300	0
532	500	100	0
533	700	0	1
111	700	0	0
235	700	100	0
308	800	0	0
332	600	0	0
359	800	0	0
505	500	200	0
578	900	100	1
581	600	200	0
645	500	100	1
719	400	100	0
731	800	100	0
865	900	0	0
891	900	0	0
1697	800	0	1
1839	600	200	0
1944	500	100	1
2010	700	100	0
2084	600	100	1
2181	600	100	0
2231	500	0	0
2360	500	200	0
2378	600	300	0
1113	600	0	0
1123	600	100	0
1148	800	100	0
1219	700	200	0
1351	500	100	1
1353	700	0	0
1476	900	0	1
1600	900	100	0
1173	800	0	0
1216	700	0	0
1260	500	300	0
1311	800	100	0
1331	900	100	0
1384	600	100	0
1421	500	200	0
1528	900	0	1
1562	500	100	0
1751	700	200	0
1820	500	100	0
1839	900	0	0
2002	900	0	0
2121	600	100	1
2124	500	200	0
53	500	300	0
67	500	300	0
163	700	0	0
196	900	100	0
386	500	200	0
454	900	100	0
474	700	0	0
587	500	100	0
603	800	0	1
637	700	0	0
744	600	200	0
756	400	100	0
758	900	200	0
851	600	0	0
896	600	300	1
1003	600	100	1
2216	800	0	0
2368	800	100	0
2369	600	200	0
2383	500	100	1
44	900	0	0
160	500	100	0
188	600	200	0
352	500	200	0
355	800	100	0
482	700	100	0
513	800	100	0
525	600	100	0
1116	500	0	0
1223	600	0	0
1251	900	0	0
1280	700	200	1
1352	900	100	0
1396	700	0	0
1410	500	0	0
1525	700	100	1
1553	800	200	0
1717	700	200	0
1844	600	0	0
1847	900	100	0
1857	600	0	0
1890	800	100	0
2023	800	200	0
2042	600	0	0
2052	800	100	0
2098	800	300	1
578	800	200	1
658	600	200	0
687	600	100	1
747	700	200	0
801	500	200	0
1017	900	100	0
1026	500	300	0
1060	600	300	0
579	800	0	1
594	600	100	0
656	900	300	0
699	800	200	0
708	700	300	0
827	900	100	1
837	800	100	1
862	900	300	0
935	900	300	0
938	500	200	1
972	900	100	1
1060	500	100	1
1120	900	0	0
1258	800	200	1
1277	900	100	0
1290	800	0	0
1405	900	0	0
1424	500	0	0
1424	800	0	0
1489	600	100	1
2193	500	100	0
40	700	0	0
58	900	0	0
200	800	100	0
493	500	0	0
1858	700	0	0
2073	900	300	1
1757	700	200	0
1779	900	200	0
1787	700	100	0
1789	700	100	0
2026	500	0	0
2027	800	100	0
2282	800	100	0
2294	700	0	0
2356	600	100	1
2367	900	100	0
553	600	0	0
570	600	200	0
660	900	0	0
662	600	100	1
723	500	200	0
876	600	300	1
908	800	100	0
917	600	100	0
929	500	0	0
958	500	200	0
1002	700	100	1
1244	700	0	0
1308	600	0	0
1367	500	100	1
1455	600	0	0
1561	700	0	0
90	400	0	0
196	500	0	1
311	800	0	0
392	500	200	0
408	500	300	0
422	500	100	0
424	500	100	0
73	600	300	0
80	800	100	0
101	800	0	0
162	900	0	0
174	800	100	0
559	800	100	1
647	900	200	1
807	700	200	0
838	900	200	0
912	700	0	0
973	800	100	1
982	900	100	1
1006	700	100	1
1010	800	0	0
1066	500	100	1
1994	600	0	0
2136	900	300	1
2277	900	0	0
2348	500	100	1
2371	900	100	0
1194	700	0	0
1238	600	0	0
1285	900	100	0
1315	600	0	0
1395	700	0	0
1491	600	200	0
1528	500	0	0
1553	900	200	0
1592	600	200	0
1635	800	200	0
1214	600	0	0
1289	500	0	0
1297	600	0	0
1324	500	0	0
1370	900	100	0
1539	700	100	1
1651	800	100	1
1775	500	0	1
1812	800	100	0
1867	900	100	0
89	800	0	0
174	500	100	0
286	600	100	0
352	500	300	0
409	900	0	0
447	600	100	0
486	500	200	0
502	700	100	0
594	500	0	0
626	800	100	0
636	800	200	1
710	700	200	0
785	800	100	0
839	900	100	1
848	700	200	0
877	600	300	1
1004	800	0	1
1033	900	100	0
2205	500	100	0
2399	500	100	1
2314	900	0	0
2352	900	0	0
48	400	0	0
222	900	100	0
263	800	0	1
476	900	100	0
523	600	0	0
523	800	200	1
1101	900	0	0
1207	800	100	0
1213	500	0	0
1272	600	0	0
1359	900	100	0
1413	600	0	0
1588	500	100	0
1792	600	100	1
1842	500	100	0
1888	800	0	0
1976	700	100	0
2008	800	100	0
2018	700	300	1
570	800	200	1
602	700	200	1
611	500	100	0
643	600	100	1
685	800	300	0
949	700	0	0
987	700	0	1
608	900	100	1
668	800	100	0
681	500	100	1
696	900	200	1
838	700	300	0
959	800	300	0
966	700	0	1
1018	800	100	0
1154	900	200	0
1210	500	0	0
1236	800	0	0
1239	900	200	0
1358	800	0	0
1383	500	100	0
1623	500	0	0
1634	900	100	1
2331	900	0	0
257	900	0	1
269	700	100	0
291	500	200	0
346	500	300	0
404	500	0	0
507	800	0	0
1656	700	200	0
1769	700	0	1
1958	600	100	1
1974	500	100	1
2046	700	100	0
1760	600	0	1
1779	600	0	1
1804	700	200	0
1888	800	100	0
1928	600	100	1
1946	600	0	1
1973	900	0	0
1984	700	100	0
549	500	0	0
570	500	100	0
608	700	0	1
619	500	100	0
619	900	200	1
853	500	300	1
958	800	100	1
1036	500	300	0
1053	700	0	0
1133	600	0	0
1144	800	200	0
1197	500	100	0
1228	900	200	0
1262	500	0	0
1459	800	200	0
1510	900	100	1
94	600	200	0
145	700	100	0
318	500	300	0
523	600	100	0
166	900	0	0
177	500	100	0
207	600	100	0
324	600	300	0
342	600	300	0
360	900	100	0
483	800	0	0
512	500	200	0
728	400	100	0
737	600	0	0
786	400	0	0
788	700	0	1
854	500	0	0
922	900	300	0
993	600	200	0
1021	600	300	0
1049	900	100	0
1057	800	100	0
1065	800	0	0
1671	800	200	0
1726	500	100	1
1781	900	200	0
1884	600	200	0
2062	700	300	1
2093	600	100	1
2102	800	0	1
2151	600	0	0
2153	900	0	0
2219	700	0	0
2358	800	200	1
1143	700	0	0
1194	700	200	0
1216	500	100	0
1326	700	0	0
1532	500	0	0
1542	700	100	1
1572	800	100	0
1582	600	100	0
1590	500	200	0
1157	800	200	0
1309	900	100	0
1346	500	100	1
1381	800	100	0
1565	800	0	0
1717	500	100	1
1759	700	0	1
1780	900	200	0
1840	500	0	0
1933	500	0	1
2116	500	100	1
2163	500	0	0
169	800	100	0
170	800	0	0
200	600	0	1
215	800	0	1
223	500	200	0
233	500	200	0
326	800	100	0
335	600	300	0
351	900	100	0
394	500	0	0
455	800	100	0
474	900	0	0
567	900	0	1
638	900	300	0
750	900	100	0
797	900	0	1
825	900	300	0
987	600	0	0
2352	800	0	0
2369	500	0	0
2383	600	0	0
33	900	100	0
114	900	100	0
152	600	100	0
218	600	200	0
260	600	200	0
355	900	100	0
428	800	100	0
523	800	100	1
529	800	0	1
1128	900	0	0
1142	600	0	0
1224	700	200	0
1399	500	100	0
1480	500	100	1
1517	800	100	1
1625	800	200	0
1721	500	100	1
1800	900	200	0
1977	700	0	0
2001	900	0	0
2160	900	100	0
552	500	200	0
612	500	0	0
795	700	100	0
798	800	0	1
1003	900	0	1
557	800	200	1
578	900	0	1
673	700	100	0
688	600	0	0
689	900	200	1
855	500	300	1
919	800	300	0
924	500	300	1
1230	500	300	0
1269	500	0	0
1283	800	200	1
1317	900	100	0
1329	800	100	0
1439	700	100	0
1554	700	100	0
2364	500	200	0
189	500	100	0
304	700	0	0
327	700	0	0
361	600	300	0
377	600	100	0
529	500	200	0
1669	900	0	0
1692	900	0	0
1742	800	100	0
1786	600	100	1
1898	600	0	0
1944	500	0	1
2038	900	100	0
2053	800	0	0
1740	500	0	1
1786	700	200	0
2041	800	0	0
2049	800	200	0
2086	500	0	0
2194	800	100	0
2353	600	200	0
547	700	100	1
567	600	0	0
676	600	0	0
684	600	200	0
720	900	0	1
829	600	100	1
1061	700	100	0
1065	900	100	0
1097	500	300	0
1118	600	0	0
1167	500	0	0
1217	500	100	0
1274	900	200	1
1308	800	200	1
1332	800	100	0
1363	900	0	0
1542	800	0	1
147	800	100	0
177	600	0	0
374	900	0	0
86	400	0	0
163	600	100	0
167	800	0	0
283	600	200	0
293	600	0	1
433	600	300	0
441	800	100	0
493	800	0	0
493	900	0	0
640	600	200	0
643	500	100	1
709	500	100	0
799	600	0	0
836	900	200	0
850	500	100	0
906	600	300	1
943	700	0	0
1648	800	200	0
1658	800	0	0
1839	500	200	0
1859	500	0	0
2005	800	200	0
2008	700	100	0
2027	700	300	1
2074	700	100	0
2090	600	200	0
2164	800	0	0
2215	700	100	0
2308	900	0	0
1110	800	100	1
1278	900	100	0
1287	900	0	0
1365	700	0	0
1380	500	200	0
1451	600	0	0
1507	900	200	0
1528	800	100	1
1221	600	100	0
1314	900	200	1
1325	700	100	0
1395	900	100	0
1415	500	100	0
1505	800	0	1
1539	700	200	0
1819	800	100	0
30	700	100	0
49	900	100	0
140	600	0	0
174	500	200	0
188	800	100	0
238	800	0	1
411	800	0	0
454	600	100	0
792	700	200	0
820	500	0	0
982	500	100	1
995	700	0	1
1015	500	0	0
1041	500	0	0
2185	700	0	0
2347	700	100	0
2360	900	0	0
2380	700	0	0
2308	900	100	0
2399	800	100	0
40	600	200	0
104	500	0	0
236	600	100	0
348	800	0	0
546	700	100	1
1161	600	100	0
1201	700	100	0
1319	800	200	1
1365	900	0	0
1378	800	0	0
1408	800	100	0
1469	700	0	1
1601	800	100	0
1803	900	200	0
1850	600	0	0
1989	500	0	0
2016	700	100	0
2071	700	200	0
2099	700	100	0
557	600	200	0
623	900	0	0
651	500	100	1
698	900	300	0
706	500	200	0
734	500	100	0
876	900	0	0
943	700	100	0
981	800	0	1
1034	600	100	1
1063	600	300	0
582	900	0	1
587	700	0	1
672	500	200	0
849	800	200	0
891	900	100	0
906	900	100	0
930	800	100	0
953	800	300	0
982	800	0	1
1081	900	100	0
1092	800	100	0
1309	600	300	0
1401	500	0	0
1443	800	100	0
1545	900	0	1
2378	700	200	1
35	900	0	0
180	700	0	0
279	600	200	0
354	500	100	0
387	800	0	0
1644	800	200	0
1652	600	0	0
1719	700	100	0
1915	600	0	0
1948	500	0	1
2037	700	200	0
1682	600	100	0
1781	600	0	1
1806	900	100	0
1894	800	100	0
1971	600	100	1
2007	900	0	0
2152	600	0	0
580	800	0	1
642	700	0	0
713	800	100	0
724	700	200	0
787	400	0	0
890	900	0	0
943	500	300	1
1066	700	100	0
1168	900	100	0
1231	800	200	0
1341	900	100	0
1417	500	200	0
1460	500	200	0
1488	600	200	0
1492	900	0	1
1555	500	0	1
119	800	0	0
127	700	0	0
189	900	0	1
441	700	100	0
529	600	100	0
28	700	0	0
65	900	100	0
285	500	200	0
440	800	0	1
447	700	100	0
696	600	100	0
712	500	200	0
788	800	200	0
862	500	0	0
1028	500	0	0
1034	500	300	0
1046	600	0	0
1070	700	100	0
1078	700	0	0
1650	700	200	0
1725	900	200	0
1750	600	100	1
1812	900	100	0
2038	700	300	1
2061	800	100	0
2065	700	300	1
2227	700	0	0
2393	700	0	0
1116	600	0	0
1170	900	100	0
1322	800	100	0
1393	900	0	0
1431	500	100	0
1158	900	200	0
1234	800	200	0
1343	900	0	0
1349	900	100	0
1426	500	0	0
1495	600	0	0
1501	600	0	0
1647	800	100	1
1713	500	200	1
1729	700	100	0
1802	600	0	0
1826	600	200	0
1851	600	100	0
1873	800	100	0
1945	600	100	1
2014	800	300	1
60	900	0	0
282	600	100	0
364	500	100	0
559	500	0	0
806	500	200	0
866	600	300	1
888	600	200	1
903	900	100	0
920	900	100	0
994	900	0	1
1061	900	0	0
2360	500	0	0
2379	600	0	0
2380	600	200	0
2387	800	0	0
2397	600	100	1
149	800	100	0
314	500	200	0
422	800	0	1
454	500	0	0
1097	900	100	0
1223	700	100	0
1251	500	0	0
1268	600	300	0
1313	600	100	0
1374	600	100	1
1438	700	0	0
1605	500	200	0
1679	700	200	0
1819	700	0	0
1851	500	200	0
1980	800	200	0
2117	700	100	0
2156	500	0	0
566	700	100	1
615	600	200	0
752	500	100	0
790	900	0	1
807	700	300	0
852	800	100	0
977	600	200	0
1022	600	0	0
549	600	200	0
675	500	100	1
676	900	0	0
887	900	300	0
955	600	200	0
969	700	100	1
975	500	200	0
985	800	100	1
1048	800	100	0
1080	600	0	0
1355	700	100	0
1362	700	0	0
1423	900	100	0
1540	500	200	0
2295	800	100	0
2334	900	100	0
2382	500	200	0
58	700	100	0
58	800	100	0
71	800	0	0
319	500	300	0
407	500	0	0
416	500	0	0
538	800	0	1
1727	600	0	1
1738	600	200	1
1772	700	0	1
1781	700	0	1
2040	700	100	0
2042	500	0	0
2086	800	300	1
1849	600	0	0
2092	600	0	0
2094	500	0	0
2110	700	100	0
2123	500	0	0
2381	700	100	0
668	800	300	0
727	400	0	0
728	900	0	1
745	500	100	0
755	800	200	0
756	600	200	0
757	900	0	1
877	500	200	1
904	800	0	0
1016	500	100	1
1073	500	300	0
1084	600	300	0
1115	900	0	0
1236	500	0	0
1293	900	200	1
1316	900	100	0
1447	500	100	0
1474	900	200	0
1548	900	200	0
81	900	100	0
285	800	100	0
315	800	0	0
315	800	100	0
419	500	300	0
257	500	200	0
258	800	0	1
520	500	0	0
544	900	200	1
546	800	200	1
610	500	0	0
683	500	100	1
698	700	0	0
780	600	100	0
875	600	300	1
892	500	100	0
895	800	100	0
928	800	100	0
931	900	300	0
937	900	0	0
951	600	200	0
1736	600	200	1
1754	600	0	1
1885	700	0	0
1975	700	0	0
2048	700	100	0
2063	900	0	0
2145	800	100	0
2257	700	100	0
1107	700	100	0
1133	600	100	0
1238	900	200	0
1261	500	100	0
1276	800	0	0
1568	600	0	1
1622	700	200	0
1104	600	100	1
1113	900	100	1
1373	800	0	0
1419	500	200	0
1475	900	0	1
1606	700	100	0
1686	500	0	0
2092	900	100	0
2097	600	100	1
107	500	300	0
110	700	0	0
112	800	0	0
241	500	100	0
291	800	0	1
320	900	0	0
597	700	100	1
608	800	200	1
612	800	100	0
727	700	100	0
732	400	100	0
735	700	200	0
831	900	200	0
832	500	200	0
873	800	0	0
911	600	300	1
947	500	0	0
998	900	0	1
2312	700	0	0
2364	500	0	0
2374	600	200	0
95	600	200	0
132	500	100	0
143	600	0	0
176	900	100	0
178	600	100	0
337	800	0	0
415	900	100	0
1225	900	200	0
1226	500	0	0
1226	800	200	0
1235	900	200	0
1257	800	100	0
1306	900	0	0
1373	900	100	0
1460	800	200	0
1491	600	100	1
1497	700	100	1
1508	800	0	1
1525	600	100	1
1542	500	100	1
1543	800	100	1
1781	500	100	1
2026	800	0	0
2032	900	300	1
2082	700	0	1
2151	500	0	0
667	700	300	0
717	500	0	0
755	700	200	0
785	900	0	1
579	800	200	1
595	700	0	1
604	900	200	1
776	800	200	0
782	800	100	0
820	900	100	1
861	700	100	0
872	500	200	1
950	600	0	0
1153	500	0	0
1240	600	100	0
1246	600	300	0
1289	600	0	0
1310	800	200	1
1368	800	0	0
1381	900	100	0
1444	500	0	0
1463	500	100	0
1469	500	200	0
1611	800	100	1
2186	500	100	0
2199	600	100	0
2226	900	100	0
2315	800	0	0
78	900	0	0
97	900	100	0
246	600	100	0
419	900	100	0
453	900	0	1
471	600	300	0
496	600	0	0
1785	500	100	1
1819	500	0	0
1861	800	0	0
1648	900	200	0
1692	700	200	0
1706	600	0	1
1746	800	0	1
1849	800	0	0
2147	700	300	1
2352	700	200	1
937	600	300	1
987	500	200	0
1052	600	100	1
1129	900	100	1
1159	700	0	0
1234	800	100	0
1294	500	100	0
1316	700	0	0
1318	900	200	1
1371	600	100	1
1410	900	0	0
1418	700	0	0
1420	500	100	0
1474	600	200	0
1531	900	200	0
1618	700	100	1
45	700	0	0
54	900	100	0
143	800	100	0
253	500	100	0
327	500	200	0
381	600	0	0
484	600	0	0
111	500	200	0
147	900	0	0
150	800	100	0
187	700	0	0
231	700	100	0
301	800	0	0
372	800	100	0
442	900	100	0
576	800	0	1
643	500	0	0
693	800	100	0
707	500	100	0
926	600	0	0
1808	500	100	0
2008	700	0	0
2033	600	0	0
2072	700	100	0
2291	800	0	0
1156	900	200	0
1206	900	0	0
1208	600	300	0
1235	800	100	0
1266	500	300	0
1281	500	100	0
1476	700	200	0
1513	500	0	0
1552	900	0	0
1596	900	100	0
1164	700	0	0
1301	800	200	1
1313	800	0	0
1386	600	200	0
1437	500	0	0
1479	500	100	1
1529	800	100	1
1626	800	100	1
1700	500	200	1
1728	900	100	0
1775	700	0	1
1795	500	200	1
1796	800	200	0
2025	700	100	0
2138	700	100	0
2149	600	0	0
71	900	0	0
113	900	100	0
164	600	100	0
261	600	100	0
348	600	300	0
363	700	100	0
410	500	0	0
494	500	200	0
538	800	200	1
568	800	100	1
660	500	100	1
773	500	100	0
784	400	0	0
791	800	100	0
832	500	0	0
1009	600	300	0
2197	700	0	0
2301	700	0	0
2391	700	200	1
94	700	100	0
149	900	0	0
201	600	100	0
219	800	0	1
286	900	0	1
324	900	100	0
364	500	300	0
462	500	0	0
1190	700	0	0
1459	900	100	1
1515	500	0	0
1542	600	100	1
1566	800	100	0
1634	900	200	0
1652	500	0	0
1690	500	100	0
1795	600	200	1
1827	700	0	0
1832	800	0	0
1959	600	100	1
2072	500	100	1
2080	700	100	0
2094	800	0	1
577	900	200	1
695	900	200	1
706	900	100	0
715	500	100	0
729	600	0	0
789	800	0	1
829	800	100	1
936	500	0	0
555	500	200	0
582	900	100	1
610	700	100	1
615	800	200	1
701	800	200	0
757	400	100	0
773	500	0	0
839	600	0	0
1145	900	100	1
1166	600	100	0
1324	600	100	1
1414	900	0	0
1441	500	200	0
1460	600	0	0
1480	900	100	1
2204	800	0	0
49	700	0	0
95	400	0	0
115	700	100	0
329	900	0	0
343	700	0	0
448	800	100	0
1658	600	0	0
1695	500	0	1
1708	900	0	1
1869	600	0	0
1901	600	200	0
1948	500	100	1
1975	900	100	0
2122	600	100	1
2138	700	0	1
1648	600	100	0
1653	700	100	1
1704	700	0	1
1722	900	0	1
1727	500	200	1
1960	600	0	1
2015	900	200	0
2357	700	200	1
650	700	200	1
784	600	200	0
934	800	100	0
955	900	100	1
961	600	200	0
992	500	200	0
1040	800	0	0
1100	900	100	0
1280	800	200	1
1405	900	100	0
1419	700	0	0
1473	600	0	0
1550	700	0	0
1578	500	200	0
39	800	100	0
40	700	100	0
108	400	0	0
132	800	100	0
185	500	0	0
195	800	0	1
288	500	100	0
339	500	0	0
357	700	0	0
90	600	300	0
107	800	100	0
129	900	100	0
177	900	0	0
362	800	100	0
436	600	100	0
494	900	0	0
527	800	200	1
550	500	100	0
767	600	200	0
791	900	0	1
877	700	300	0
906	800	0	0
907	900	300	0
924	600	0	0
959	700	0	1
1011	600	100	1
1071	600	0	0
1780	500	200	1
1801	800	100	0
1860	500	0	0
2157	500	0	0
2289	800	0	0
2324	900	0	0
2376	800	100	0
1188	500	100	0
1495	500	100	1
1543	500	0	0
1598	500	200	0
1134	700	100	1
1194	500	100	0
1211	500	0	0
1227	900	0	0
1287	900	200	1
1370	600	100	1
1413	900	100	0
1534	800	0	1
1549	800	200	0
1694	500	0	1
1719	600	100	1
1784	600	100	1
1826	900	0	0
48	700	100	0
82	500	200	0
83	600	200	0
169	600	0	0
184	600	200	0
328	900	0	0
461	700	0	1
552	500	100	0
828	700	200	0
854	600	0	0
931	600	0	0
985	600	100	1
