2352	600	200	0
2389	500	200	0
2198	700	0	0
2212	800	0	0
223	700	0	1
266	800	100	0
385	500	300	0
441	700	0	1
465	900	0	1
545	900	100	1
1307	700	100	0
1588	900	0	0
1724	600	0	1
1746	900	200	0
1806	900	0	0
1831	500	0	0
1911	500	100	0
1992	500	100	0
1993	600	0	0
2017	800	300	1
2061	700	300	1
2120	700	300	1
2127	800	300	1
626	900	100	0
681	800	100	0
712	800	300	0
833	500	0	0
847	600	0	0
867	900	100	0
940	800	100	0
971	800	0	1
1035	800	100	0
586	500	100	0
627	600	200	0
664	600	100	1
701	500	100	0
828	500	200	0
873	600	300	1
889	600	100	0
958	500	0	0
1085	600	0	0
1098	700	0	0
1185	700	100	0
1479	700	200	0
1499	500	0	0
2323	700	0	0
112	800	100	0
114	500	200	0
133	900	0	0
362	600	0	0
407	600	300	0
408	500	0	0
464	700	100	0
517	800	0	0
519	500	200	0
1723	900	200	0
1727	800	0	1
1752	600	200	1
1773	700	0	1
1829	900	100	0
1992	800	200	0
2029	800	100	0
2066	700	100	0
2072	800	0	1
1729	500	100	1
1841	800	100	0
1844	800	100	0
2005	700	300	1
2007	800	200	0
2361	900	0	0
642	600	200	0
659	800	100	0
817	600	200	0
827	800	300	0
860	900	300	0
947	800	0	0
996	700	0	1
1059	700	100	0
1193	500	0	0
1341	600	100	1
1522	500	0	0
1569	700	0	0
1573	700	100	0
1577	900	100	0
1615	900	200	0
66	600	300	0
156	900	0	0
204	500	0	1
208	500	100	0
212	700	100	0
363	900	100	0
396	800	0	0
443	500	300	0
476	600	100	0
479	600	100	0
505	800	0	0
117	800	100	0
122	800	0	0
215	800	100	0
257	600	100	0
323	500	0	0
389	600	200	0
425	700	100	0
550	500	0	0
666	500	200	0
675	600	100	1
713	900	300	0
945	600	300	1
1668	700	200	0
1688	600	0	0
1688	700	0	0
1754	800	200	0
1790	900	100	0
2031	700	200	0
2040	800	100	0
1117	500	0	0
1155	500	100	0
1194	900	0	0
1209	700	200	0
1221	500	100	0
1280	800	0	0
1362	500	100	1
1362	600	0	0
1622	800	100	1
1433	600	0	0
1494	500	100	1
1606	600	0	0
1733	600	100	1
1837	700	100	0
1927	500	100	1
2014	900	0	0
2138	500	0	0
2150	700	300	1
68	400	0	0
128	900	100	0
472	500	100	0
542	700	100	1
554	600	200	0
561	900	100	1
621	900	200	1
628	800	0	0
649	700	0	0
700	800	100	0
772	900	0	1
813	900	300	0
824	900	0	0
844	700	0	0
870	700	0	0
953	800	100	1
966	600	100	1
2190	500	0	0
2209	900	0	0
2331	800	100	0
90	500	100	0
253	800	100	0
314	600	0	0
348	500	100	0
453	500	0	0
535	700	200	1
1163	500	100	0
1171	600	0	0
1195	500	0	0
1298	900	0	0
1455	700	100	0
1546	600	100	1
1673	600	100	0
1679	800	0	0
1713	700	100	0
1818	700	0	0
2071	700	0	1
2087	800	300	1
2108	700	300	1
2113	800	100	0
2135	500	200	0
2176	600	0	0
555	600	100	0
706	500	0	0
748	600	100	0
769	900	200	0
811	400	0	0
908	500	200	1
1058	700	100	0
643	900	300	0
747	500	200	0
812	400	0	0
842	700	200	0
1072	600	100	1
1090	500	300	0
1230	700	0	0
1246	500	100	0
1375	500	0	0
1403	900	100	0
1418	900	100	0
1442	800	100	0
1481	800	0	1
1543	600	0	0
1582	600	0	1
1593	900	100	0
1604	800	100	0
38	700	100	0
53	700	100	0
100	600	300	0
116	600	0	0
228	700	100	0
239	600	100	0
412	500	0	0
416	900	0	0
1777	700	0	1
1782	500	0	1
2177	600	0	0
1744	800	0	1
1837	500	0	0
1853	900	100	0
1981	800	0	0
2085	700	0	1
2194	600	100	0
2231	700	100	0
2318	900	100	0
553	900	200	1
616	600	0	0
720	500	0	0
720	900	300	0
866	500	100	0
926	900	300	0
953	700	100	1
1041	600	100	1
1225	800	100	0
1246	700	200	1
1289	700	200	1
1314	600	0	0
1317	800	200	1
1322	500	0	0
1384	700	0	0
1578	700	100	0
1610	800	0	0
213	500	100	0
245	600	0	1
317	500	300	0
379	600	0	0
471	900	0	1
488	700	100	0
217	500	100	0
315	700	100	0
317	700	100	0
446	600	300	0
460	800	100	0
469	600	100	0
472	500	300	0
541	700	200	1
577	900	100	1
691	700	0	0
857	700	0	0
872	700	300	0
873	600	0	0
875	800	0	0
907	900	0	0
945	800	0	0
1680	900	100	1
1682	900	100	1
1775	600	0	1
1785	800	200	0
1834	800	100	0
1943	500	100	1
2056	900	0	0
2126	600	200	0
2222	900	0	0
1150	800	200	0
1208	600	100	0
1212	500	300	0
1223	500	0	0
1479	900	200	0
1555	500	200	0
1582	700	100	0
1104	600	0	0
1173	500	0	0
1255	700	0	0
1324	800	0	0
1330	800	0	0
1415	900	100	0
1542	700	200	0
1631	800	0	0
1635	600	0	0
1655	800	200	0
1861	900	100	0
2159	800	100	0
50	700	100	0
177	500	200	0
266	600	0	1
290	600	200	0
416	500	300	0
496	700	100	0
717	800	200	0
794	600	100	0
824	500	0	0
835	700	300	0
876	500	100	0
891	500	0	0
933	800	300	0
959	700	100	1
988	500	200	0
1020	600	100	1
2189	700	0	0
2324	900	100	0
2353	700	200	1
2363	600	100	1
2385	800	100	0
2385	900	200	1
2208	800	0	0
2379	800	200	1
67	700	100	0
69	500	200	0
178	800	100	0
244	700	100	0
283	700	0	1
315	500	200	0
370	500	100	0
388	700	0	0
1264	500	100	0
1267	900	0	0
1364	800	100	0
1432	900	100	0
1609	900	100	1
1617	600	0	0
1648	900	0	0
1680	700	200	0
1735	700	100	0
1753	900	0	1
1886	600	100	0
1985	700	0	0
2000	900	200	0
2139	800	300	1
620	500	0	0
635	700	200	1
661	800	100	0
806	800	200	0
814	900	300	0
843	600	0	0
844	600	200	0
851	800	0	0
1078	700	100	0
1092	600	0	0
570	700	100	1
784	800	200	0
800	600	200	0
804	700	200	0
909	800	0	0
1080	700	0	0
1155	900	200	0
1187	500	100	0
1191	900	0	0
1233	600	300	0
1266	600	0	0
1442	600	100	0
1481	700	100	1
1497	800	100	1
1508	900	200	0
1556	800	0	0
1560	800	100	0
1567	800	200	0
1610	900	0	0
77	400	100	0
116	500	100	0
132	600	100	0
191	600	0	1
195	600	100	0
202	600	200	0
245	700	0	1
502	500	100	0
506	500	0	0
1733	600	0	1
1825	600	100	0
1867	700	100	0
1871	700	0	0
1678	800	0	0
1828	900	100	0
1959	500	100	1
2071	900	200	0
2099	600	0	0
2310	700	0	0
556	600	0	0
558	500	0	0
570	800	100	1
585	800	200	1
593	900	100	1
706	700	200	0
734	400	0	0
797	800	100	0
827	800	100	1
846	500	200	0
931	500	300	1
945	500	0	0
1065	700	0	0
1100	500	300	0
1257	500	100	0
1378	500	200	0
1510	600	0	0
1528	500	100	1
1601	900	0	0
162	900	100	0
220	800	100	0
236	700	0	1
313	600	0	0
410	500	300	0
463	700	100	0
38	900	100	0
88	400	0	0
200	600	200	0
218	600	0	1
254	500	100	0
349	700	0	0
374	500	200	0
382	500	300	0
407	900	100	0
439	700	0	1
510	800	100	0
527	900	0	1
587	500	0	0
622	800	300	0
860	700	300	0
1714	900	0	1
1739	700	200	0
1741	600	200	1
1773	500	100	1
1804	900	0	0
1893	500	0	0
2352	500	300	0
1195	500	100	0
1292	600	100	0
1397	800	0	0
1404	500	100	0
1407	800	100	0
1440	800	100	0
1453	600	0	0
1565	800	200	0
1583	800	0	0
1619	700	100	1
1109	700	100	0
1124	800	100	1
1239	700	100	0
1248	700	200	1
1305	500	0	0
1307	600	0	0
1486	600	0	0
1515	700	0	1
1616	600	100	0
1625	900	100	1
1645	600	100	0
1984	700	300	1
2026	700	200	0
2026	900	200	0
2068	600	0	0
2118	700	100	0
2132	700	0	1
2141	900	0	1
150	500	0	0
451	800	100	0
564	900	200	1
661	500	200	0
661	700	200	1
702	900	300	0
703	400	0	0
753	500	100	0
767	500	0	0
776	700	0	1
780	800	200	0
801	600	200	0
828	500	0	0
838	600	200	0
1057	600	0	0
2193	700	0	0
84	500	200	0
404	600	100	0
490	800	0	0
520	700	100	0
546	700	0	1
1117	500	300	0
1136	500	0	0
1218	600	0	0
1769	800	100	0
1803	600	200	0
1885	900	100	0
1980	700	0	0
2003	600	100	0
2009	700	100	0
2054	500	100	0
2055	800	100	0
2074	600	200	0
584	900	200	1
615	500	0	0
644	500	100	1
655	800	300	0
688	900	100	0
690	600	100	1
694	800	300	0
927	900	100	0
1055	700	0	0
609	900	100	1
619	900	300	0
639	700	300	0
691	500	200	0
701	700	200	0
758	600	100	0
779	800	0	1
931	900	100	0
982	700	0	1
1118	800	0	0
1273	700	0	0
1294	800	100	0
1298	700	200	1
1332	900	100	0
1373	700	100	0
1532	600	0	0
2347	900	0	0
2355	500	300	0
283	500	0	1
424	900	0	1
1648	700	0	0
1752	600	100	1
1774	600	200	1
1790	500	0	1
1799	700	200	0
1975	500	100	1
2004	900	300	1
2037	600	100	0
2056	700	200	0
2066	900	200	0
2116	600	200	0
2123	800	100	0
1746	800	100	0
1806	500	100	0
1883	600	100	0
1893	900	100	0
1932	500	100	1
2130	700	100	0
2354	500	0	0
566	900	100	1
655	800	100	0
765	500	100	0
887	600	0	0
988	900	0	1
1145	900	0	0
1240	500	0	0
1247	900	0	0
1294	500	300	0
1303	800	200	1
1317	500	300	0
1478	500	200	0
1521	900	200	0
1535	800	0	1
1564	600	100	0
170	600	0	0
210	800	0	1
325	800	0	0
381	600	100	0
440	900	100	0
528	700	100	1
91	600	200	0
276	700	100	0
313	800	0	0
382	600	100	0
427	900	100	0
472	700	0	1
497	600	0	0
662	600	200	0
662	800	100	0
677	900	300	0
743	700	100	0
755	800	0	1
816	700	200	0
834	700	300	0
884	800	100	0
954	900	100	1
986	500	200	0
1036	500	0	0
1044	600	300	0
1641	900	100	1
1747	800	100	0
1771	600	0	1
1793	500	100	1
1837	900	0	0
1862	800	0	0
2027	800	200	0
2108	900	100	0
2351	700	200	1
1205	800	100	0
1342	700	0	0
1382	500	0	0
1424	500	200	0
1456	800	200	0
1119	600	0	0
1172	500	100	0
1215	800	200	0
1219	500	100	0
1266	700	0	0
1285	500	100	0
1303	800	100	0
1305	900	200	1
1496	600	0	0
1529	700	200	0
1604	900	0	0
1688	900	200	0
1733	600	200	1
1978	800	0	0
2026	900	0	0
2041	800	100	0
2091	700	300	1
2138	800	100	0
164	500	200	0
239	700	0	1
613	600	0	0
661	700	0	0
676	600	100	1
773	600	100	0
818	900	300	0
875	700	100	0
948	700	300	0
993	900	0	1
1080	800	100	0
2359	500	0	0
2385	500	300	0
2202	500	100	0
2385	500	0	0
49	400	0	0
116	500	0	0
259	500	200	0
259	600	200	0
291	700	0	1
296	800	0	1
366	600	300	0
525	500	200	0
1218	900	100	0
1341	800	100	0
1344	700	0	0
1414	600	0	0
1464	500	200	0
1481	700	0	1
1598	600	200	0
1624	700	200	0
1624	800	200	0
1656	900	0	0
1984	600	0	0
1991	500	100	0
2054	600	100	0
2078	800	100	0
558	800	0	1
606	700	100	1
618	800	300	0
625	900	100	0
689	400	100	0
713	600	100	0
836	900	100	1
860	600	300	1
868	900	300	0
876	500	300	1
916	600	200	1
1019	900	0	0
602	700	0	1
615	800	300	0
627	700	100	0
668	800	0	0
765	700	0	1
840	900	300	0
878	700	300	0
910	800	300	0
960	800	100	1
1094	900	100	0
1122	700	100	1
1216	900	200	0
1227	500	100	0
1289	800	0	0
1487	800	0	1
1524	700	0	1
1538	500	0	0
87	600	200	0
122	600	0	0
159	500	0	0
172	900	0	0
292	700	100	0
333	600	0	0
365	600	200	0
407	500	200	0
482	800	100	0
1657	900	100	1
1698	800	0	1
1730	800	200	0
1772	700	200	0
1810	600	200	0
1836	600	100	0
1896	600	200	0
1992	900	100	0
2130	900	0	1
1678	600	100	0
1749	900	200	0
1789	800	0	1
1845	500	200	0
2007	700	300	1
2059	800	300	1
2101	900	300	1
2160	600	100	0
2165	700	100	0
2397	600	300	0
552	700	100	1
644	800	100	0
790	800	200	0
795	400	100	0
800	500	100	0
821	700	200	0
1244	500	0	0
1248	900	0	0
1302	800	0	0
1379	900	0	0
1390	600	0	0
1446	800	100	0
1467	900	100	1
1533	900	0	1
1612	900	100	1
25	400	0	0
42	500	200	0
81	600	100	0
102	700	100	0
168	700	0	0
247	700	100	0
486	600	200	0
24	500	300	0
62	500	200	0
186	900	0	0
191	500	200	0
244	500	200	0
277	500	100	0
334	900	100	0
551	800	100	1
596	800	200	1
613	800	200	1
621	500	0	0
641	900	100	0
736	400	0	0
753	800	0	1
788	900	0	1
874	800	100	0
900	800	0	0
948	600	100	0
1062	500	100	1
1642	700	100	1
1700	500	100	1
1722	600	200	1
1986	700	0	0
2007	500	100	0
2101	600	0	0
2154	500	0	0
2313	800	100	0
1122	600	0	0
1192	700	200	0
1372	700	0	0
1523	600	100	1
1552	500	0	1
1556	700	200	0
1609	700	200	0
1098	500	300	0
1107	500	300	0
1276	900	200	1
1422	600	200	0
1497	600	100	1
1523	700	0	1
1646	700	100	1
1689	700	0	0
1706	500	100	1
2129	700	300	1
158	500	0	0
281	500	100	0
324	500	0	0
340	900	100	0
560	700	100	1
619	800	100	0
657	900	200	1
683	800	0	0
760	800	0	1
912	600	0	0
1040	700	0	0
1057	500	0	0
1064	500	100	1
2231	600	100	0
2277	800	0	0
2265	800	0	0
38	400	100	0
86	900	0	0
114	700	100	0
257	700	100	0
290	900	0	1
308	600	300	0
308	700	100	0
537	900	0	1
1179	900	200	0
1317	900	200	1
1322	700	0	0
1403	600	100	0
1439	800	0	0
1452	500	0	0
1479	900	100	1
1622	900	100	1
1656	500	0	0
1673	900	100	1
1788	800	200	0
1815	600	0	0
1821	600	0	0
1882	600	100	0
1903	500	0	0
1949	600	100	1
2087	700	0	1
2108	600	100	1
2179	700	100	0
722	500	0	0
743	400	100	0
814	500	100	1
900	600	0	0
645	700	100	0
659	800	0	0
667	800	300	0
717	800	0	1
742	800	0	1
763	600	200	0
785	600	200	0
865	600	100	0
871	700	300	0
1077	700	0	0
1115	700	0	0
1116	900	100	1
1142	700	100	1
1229	900	0	0
1251	500	100	0
1417	500	0	0
1505	800	200	0
1584	500	200	0
2230	800	100	0
51	900	0	0
140	600	200	0
243	800	100	0
310	600	200	0
384	600	100	0
404	800	100	0
1675	800	200	0
1749	800	100	0
1807	500	200	0
2010	900	100	0
1689	700	200	0
1722	800	200	0
1729	800	0	1
1751	500	0	1
1897	700	0	0
1999	900	100	0
2023	500	100	0
2047	600	0	0
2228	500	100	0
600	800	100	1
634	700	100	0
657	900	100	0
760	700	200	0
793	500	200	0
858	800	0	0
862	900	100	0
1074	600	0	0
1220	600	100	0
1248	900	100	0
1258	600	300	0
1338	500	0	0
1341	500	0	0
1461	800	200	0
96	600	200	0
324	500	200	0
357	600	200	0
364	600	0	0
385	900	0	0
532	500	0	0
24	900	0	0
391	600	300	0
469	500	300	0
520	600	100	0
736	700	0	1
804	400	0	0
906	800	300	0
909	700	100	0
931	600	200	1
1698	500	200	1
1709	500	200	1
1885	800	100	0
1991	600	100	0
2017	700	300	1
2101	900	0	1
2169	600	0	0
2274	900	100	0
1094	700	0	0
1130	600	100	0
1181	700	0	0
1205	800	0	0
1210	500	100	0
1224	800	0	0
1259	500	100	0
1318	600	0	0
1321	500	100	1
1390	500	0	0
1095	500	300	0
1271	700	0	0
1388	500	200	0
1391	800	0	0
1458	600	200	0
1539	800	100	1
1596	800	0	0
1660	500	0	0
1689	900	100	1
1837	500	100	0
1876	600	0	0
2042	700	0	0
2050	800	100	0
2059	700	200	0
2150	900	100	0
174	600	100	0
231	600	0	1
294	900	0	1
313	500	300	0
324	700	100	0
471	900	100	0
480	800	100	0
578	800	0	1
677	500	0	0
685	600	100	1
694	500	200	0
759	600	200	0
785	700	100	0
916	700	0	0
1000	900	100	1
2281	900	0	0
2366	500	100	1
2380	600	100	1
2347	700	0	0
2376	600	0	0
89	500	0	0
134	600	200	0
164	800	100	0
182	800	0	0
432	800	0	1
490	900	100	0
1294	600	0	0
1454	700	0	0
1499	800	200	0
1649	600	100	0
1663	900	200	0
1778	600	100	1
1856	500	100	0
1968	500	0	1
1981	800	300	1
1986	500	100	1
2057	900	200	0
2096	900	300	1
2145	600	200	0
2182	700	100	0
584	700	100	1
602	900	0	1
620	900	100	0
692	700	200	1
817	500	100	1
853	900	300	0
925	900	0	0
944	600	200	1
982	500	0	0
673	900	100	0
695	900	0	0
702	700	200	0
740	500	0	0
764	700	0	1
854	700	300	0
981	600	0	0
991	900	100	1
1026	600	0	0
1043	600	100	1
1077	600	100	1
1268	800	200	1
1390	900	100	0
1412	600	200	0
1435	700	100	0
1492	600	100	1
1609	600	0	0
2346	800	0	0
2357	500	100	1
2391	800	0	0
25	700	100	0
404	500	200	0
463	600	0	0
522	500	0	0
1693	900	200	0
1769	700	200	0
1828	800	0	0
1846	600	100	0
1887	700	0	0
2039	500	100	0
2061	500	0	0
2067	900	200	0
2105	700	0	1
2129	900	0	1
1688	800	0	0
1709	800	200	0
1743	800	100	0
1751	600	100	1
1797	900	0	1
2066	800	0	1
2072	500	0	0
2079	700	100	0
2120	500	100	1
2361	500	100	1
2386	900	200	1
584	800	200	1
587	800	0	1
592	700	100	1
701	600	0	0
706	900	0	1
714	500	100	0
754	500	200	0
754	900	100	0
995	900	100	1
1131	900	0	0
1256	900	0	0
1313	700	100	0
109	800	100	0
133	800	0	0
323	600	0	0
334	800	100	0
344	600	200	0
378	600	100	0
432	700	0	1
31	900	0	0
105	400	100	0
121	800	0	0
336	500	100	0
340	700	100	0
455	700	0	1
471	500	300	0
502	900	0	0
599	800	200	1
786	800	100	0
829	500	100	1
923	600	100	0
937	800	300	0
1083	600	300	0
1701	700	100	0
1705	900	100	0
1744	500	200	1
1798	500	200	0
1819	500	200	0
1820	900	0	0
1836	600	200	0
1868	500	0	0
2078	700	300	1
2194	700	100	0
2288	800	100	0
2353	600	0	0
2363	900	200	1
2397	600	200	0
1187	700	100	0
1218	600	300	0
1295	500	0	0
1343	800	0	0
1397	500	0	0
1468	500	200	0
1470	600	100	1
1283	500	100	0
1304	600	0	0
1435	600	200	0
1490	500	100	1
1491	900	0	1
1493	700	0	1
1792	600	200	1
1857	500	100	0
1979	800	300	1
1987	500	0	0
124	900	100	0
126	700	0	0
128	500	0	0
484	500	200	0
491	900	100	0
563	800	0	1
621	900	0	0
774	800	200	0
848	900	0	0
896	800	0	0
912	700	300	0
928	600	100	0
943	500	200	1
1026	600	100	1
1069	500	300	0
2214	500	0	0
2293	800	100	0
2391	800	100	0
2313	700	0	0
2343	800	0	0
50	700	0	0
120	800	100	0
212	600	200	0
239	600	200	0
244	800	0	1
256	900	100	0
411	800	100	0
1143	500	0	0
1178	800	100	0
1261	900	200	1
1349	500	100	1
1415	900	0	0
1604	800	200	0
1622	500	100	0
1764	600	100	1
1784	500	200	1
2008	900	200	0
2055	500	100	0
600	500	100	0
611	900	200	1
643	700	200	1
689	900	100	0
948	500	0	0
978	600	0	0
1049	600	0	0
1071	700	0	0
670	700	100	0
751	900	0	1
787	600	0	0
894	600	200	1
991	800	100	1
1064	600	100	1
1088	600	300	0
1118	800	100	1
1123	700	0	0
1169	500	0	0
1175	700	200	0
1222	600	0	0
1269	500	300	0
1283	500	300	0
1291	500	100	0
1493	900	0	1
1511	600	100	1
1527	900	200	0
1548	500	200	0
1583	700	100	0
1597	700	0	0
1603	600	200	0
2189	600	0	0
128	700	0	0
218	500	100	0
232	500	0	1
428	500	300	0
476	500	100	0
1792	600	0	1
1841	700	100	0
2035	900	100	0
2117	500	0	0
2152	800	0	0
1673	900	0	0
1709	600	200	1
1721	900	100	0
1793	600	0	1
2001	800	200	0
2076	500	0	0
2370	500	0	0
636	600	200	0
710	900	0	1
1004	900	0	1
1097	800	0	0
1113	500	300	0
1141	700	200	0
1159	600	0	0
1186	700	100	0
1252	600	300	0
1295	800	0	0
1374	500	100	1
1387	500	200	0
1431	600	200	0
1529	500	0	0
1536	900	200	0
1546	900	100	1
35	800	100	0
163	900	0	0
181	700	100	0
193	800	100	0
308	700	0	0
356	700	100	0
117	500	200	0
166	700	100	0
232	600	0	1
274	600	100	0
317	900	0	0
362	500	200	0
486	800	100	0
517	800	100	0
563	600	100	0
564	500	200	0
616	700	100	0
715	700	0	1
769	600	200	0
994	500	100	1
1018	900	0	0
1081	700	100	0
1639	800	100	1
1683	500	0	0
1727	700	200	0
1981	900	100	0
2080	900	0	1
2135	900	0	1
2359	700	100	0
2384	500	0	0
1147	800	200	0
1193	900	200	0
1198	600	0	0
1226	800	0	0
1360	800	0	0
1482	700	200	0
1531	900	100	1
1597	800	0	0
1156	500	0	0
1181	700	200	0
1206	700	0	0
1271	600	100	0
1391	600	0	0
1521	900	0	1
1620	900	0	0
1706	700	100	0
1707	800	100	0
1747	700	200	0
1808	900	100	0
1810	900	100	0
1854	800	0	0
2015	700	300	1
2036	600	100	0
2071	500	100	1
26	400	0	0
156	700	0	0
255	700	0	1
341	500	100	0
342	600	100	0
382	500	200	0
443	700	100	0
445	700	100	0
489	600	0	0
521	500	200	0
561	800	0	1
575	600	200	0
705	900	100	0
829	900	200	0
930	600	0	0
941	700	300	0
1068	600	300	0
2295	800	0	0
2383	800	200	1
2389	600	200	0
2355	700	0	0
2369	700	100	0
2386	800	200	1
106	700	0	0
239	800	100	0
295	500	200	0
316	500	300	0
345	500	100	0
443	600	100	0
491	800	0	0
537	600	100	0
1122	900	0	0
1189	900	0	0
1251	600	0	0
1256	800	200	1
1471	900	0	1
1660	700	200	0
1710	700	100	0
1808	800	100	0
1902	800	100	0
1989	900	100	0
2085	800	0	1
2085	800	300	1
624	700	100	0
653	800	100	0
718	600	200	0
720	600	0	0
754	700	200	0
946	800	0	0
990	500	0	0
1004	500	100	1
1087	700	100	0
687	500	0	0
688	800	300	0
708	600	0	0
801	800	200	0
810	400	100	0
817	500	200	0
885	700	300	0
918	900	0	0
940	800	0	0
955	500	200	0
989	600	100	1
1233	600	0	0
1247	800	0	0
1275	700	200	1
1331	800	100	0
1392	500	100	0
1543	900	100	1
1554	500	0	1
1560	900	100	0
1566	700	0	0
2354	800	100	0
2395	500	300	0
26	900	100	0
178	700	100	0
188	900	0	0
195	700	100	0
201	500	0	1
372	700	100	0
465	800	100	0
538	900	200	1
1737	900	100	0
1767	600	200	1
1904	500	200	0
2052	700	0	0
2073	800	0	1
2129	600	200	0
2175	600	100	0
1701	600	200	1
1824	800	0	0
1863	700	100	0
2009	700	200	0
2107	600	200	0
2371	600	100	1
2385	600	300	0
582	500	0	0
644	500	200	0
709	500	200	0
757	800	200	0
783	700	200	0
877	800	300	0
882	600	0	0
887	800	100	0
1206	700	100	0
1270	800	100	0
1284	500	300	0
1315	500	100	0
1349	600	0	0
1379	500	0	0
1472	600	100	1
1490	700	0	1
1609	700	100	1
79	500	200	0
107	400	100	0
125	500	0	0
244	500	100	0
459	600	0	0
467	800	0	1
498	500	100	0
525	800	0	1
544	500	0	0
35	500	300	0
172	600	0	0
290	900	100	0
535	500	0	0
578	900	200	1
630	500	100	1
698	700	100	0
721	900	100	0
804	900	0	1
879	700	300	0
911	600	200	1
1031	600	100	1
1656	500	100	0
1763	500	200	1
1795	900	200	0
1900	700	0	0
1995	700	100	0
2054	700	300	1
2063	900	100	0
2087	500	100	1
2170	500	0	0
2396	800	100	0
1126	600	0	0
1172	800	0	0
1243	900	0	0
1294	800	0	0
1364	500	0	0
1381	600	100	0
1385	500	100	0
1486	500	200	0
1537	800	0	1
1638	600	100	0
1199	800	0	0
1321	600	100	1
1323	500	100	1
1532	500	100	1
1608	600	100	0
1698	800	200	0
1708	500	200	1
1715	600	0	1
1901	500	100	0
2013	700	0	0
166	900	100	0
333	600	200	0
352	600	300	0
409	600	300	0
535	900	100	1
542	600	200	0
545	900	200	1
591	700	100	1
648	500	0	0
652	900	200	1
703	900	300	0
726	700	200	0
826	700	0	0
851	700	300	0
856	900	0	0
885	900	0	0
1013	800	0	0
1069	600	0	0
2191	900	0	0
2218	600	100	0
2222	500	0	0
2379	700	200	1
238	700	0	1
382	500	100	0
388	700	100	0
523	500	200	0
1102	600	0	0
1126	900	0	0
1237	700	100	0
1262	600	100	0
1301	700	200	1
1603	900	0	0
1684	600	0	0
1747	700	100	0
1753	900	100	0
1935	600	100	1
2038	800	0	0
2087	600	0	0
2103	600	200	0
2103	700	0	1
652	900	300	0
673	600	0	0
722	400	0	0
737	800	100	0
738	500	0	0
754	600	200	0
758	800	200	0
881	500	100	0
1065	900	0	0
1090	800	100	0
648	700	100	0
676	700	300	0
689	600	100	1
724	500	200	0
772	500	100	0
795	800	200	0
834	600	0	0
845	500	0	0
1055	900	100	0
1061	800	100	0
1075	500	0	0
1204	900	200	0
1367	700	100	0
1434	900	0	0
1448	800	100	0
1605	800	200	0
2199	800	0	0
2210	700	0	0
2288	800	0	0
2378	800	200	1
69	700	0	0
83	600	100	0
106	800	0	0
135	800	100	0
240	600	200	0
395	600	200	0
442	600	300	0
448	900	0	1
1695	500	200	1
1705	500	200	1
1760	800	200	0
1814	500	0	0
2013	900	100	0
2041	900	300	1
2054	800	100	0
2137	700	100	0
2184	600	0	0
2031	800	200	0
2082	900	300	1
2088	900	0	1
2103	500	100	1
2156	800	100	0
2182	500	100	0
573	500	200	0
666	600	200	0
708	600	200	0
717	700	300	0
723	700	0	1
734	800	0	1
737	900	100	0
791	600	100	0
816	900	100	1
913	900	0	0
1059	900	100	0
1075	600	300	0
1089	500	300	0
1148	600	0	0
1224	900	200	0
1281	500	0	0
1354	500	0	0
1482	800	100	1
1501	700	100	1
1572	500	0	1
117	600	100	0
136	500	100	0
203	800	100	0
206	900	0	1
332	600	300	0
395	800	0	0
92	500	300	0
95	700	100	0
101	400	100	0
173	700	0	0
181	500	0	0
366	600	200	0
398	500	300	0
421	500	300	0
563	600	200	0
581	900	0	1
635	900	200	1
656	700	100	0
694	900	100	0
705	900	300	0
740	400	100	0
796	700	200	0
814	400	0	0
893	500	100	0
1009	800	100	1
1731	800	200	0
1788	500	200	1
1947	500	0	1
2021	900	100	0
2060	500	100	0
2105	600	100	1
2179	600	0	0
2258	700	100	0
1151	800	0	0
1197	800	100	0
1287	700	0	0
1328	800	100	0
1460	900	100	1
1466	600	100	0
1538	900	0	1
1546	700	0	1
1334	900	0	0
1444	700	0	0
1456	700	200	0
1478	800	0	1
1641	500	0	0
1680	900	0	0
1695	600	100	1
1769	900	100	0
1868	800	0	0
1893	500	200	0
1921	500	100	0
1934	500	100	1
2016	600	100	0
2026	900	300	1
2064	500	200	0
2118	500	200	0
91	500	200	0
113	600	0	0
275	900	0	1
315	700	0	0
371	800	0	0
404	700	100	0
503	600	0	0
527	900	200	1
555	900	100	1
568	900	100	1
661	700	300	0
674	800	300	0
698	900	200	1
752	900	200	0
753	600	200	0
882	500	300	1
947	900	300	0
1082	900	100	0
2325	700	0	0
47	900	100	0
108	400	100	0
121	800	100	0
199	900	0	1
229	600	0	1
249	500	200	0
325	600	200	0
538	500	0	0
1098	600	300	0
1112	600	0	0
1300	500	100	0
1347	500	100	1
1387	600	0	0
1413	500	100	0
1473	600	100	1
1565	500	0	1
1594	800	0	0
1614	700	200	0
1690	800	200	0
1891	600	100	0
1903	700	0	0
2114	600	100	1
2136	700	0	1
2151	800	0	0
580	700	200	1
619	800	200	1
749	400	100	0
771	500	0	0
786	600	0	0
804	500	200	0
871	700	100	0
960	500	0	0
1060	500	300	0
551	600	100	0
590	500	0	0
734	700	100	0
735	600	0	0
738	900	200	0
753	900	100	0
759	400	0	0
787	400	100	0
899	500	200	1
1003	700	100	1
1030	600	0	0
1288	500	300	0
1292	700	0	0
1318	700	0	0
1346	900	100	0
1499	800	100	1
1555	800	200	0
1583	600	200	0
2368	900	100	0
2395	800	0	0
174	800	0	0
190	600	200	0
218	800	100	0
405	600	300	0
414	900	0	0
1780	500	0	1
2099	900	100	0
2100	800	0	1
2104	500	200	0
2119	500	100	1
2124	600	0	0
2152	600	100	0
1643	500	0	0
1767	800	200	0
1771	600	100	1
1836	900	0	0
1868	500	200	0
2062	800	300	1
2079	800	100	0
2266	700	0	0
714	600	100	0
901	500	0	0
964	900	100	1
1064	500	0	0
1103	800	0	0
1222	900	100	0
1232	500	300	0
1250	700	100	0
1281	800	100	0
1310	500	300	0
1314	800	0	0
1355	500	100	1
1495	700	200	0
1600	600	0	1
130	500	200	0
158	800	100	0
277	900	0	1
284	800	0	1
402	600	200	0
402	600	300	0
471	700	0	1
488	600	200	0
545	500	200	0
90	400	100	0
96	500	200	0
177	700	0	0
182	500	0	0
230	700	100	0
240	600	100	0
313	500	0	0
420	700	100	0
457	900	0	1
755	700	100	0
818	800	300	0
905	800	0	0
918	800	0	0
928	500	100	0
948	500	300	1
1006	600	0	0
1678	700	0	0
1785	900	100	0
1823	500	0	0
1851	600	0	0
2113	600	200	0
2120	900	100	0
2144	800	300	1
2293	700	100	0
2371	800	0	0
2389	900	200	1
1123	800	100	1
1293	600	100	0
1297	800	200	1
1455	600	100	0
1461	700	200	0
1542	900	0	1
1547	700	0	0
1595	900	100	0
1605	800	100	0
1190	500	100	0
1362	600	100	1
1405	800	0	0
1523	900	200	0
1679	800	200	0
1717	600	0	1
1740	900	100	0
1770	700	100	0
1828	500	100	0
1832	700	0	0
1850	900	0	0
2045	900	100	0
2047	700	200	0
2103	800	0	1
2107	700	300	1
2134	800	300	1
314	600	200	0
375	700	100	0
393	800	100	0
405	500	100	0
462	900	100	0
467	500	0	0
485	700	0	0
516	800	0	0
680	700	100	0
682	500	200	0
738	600	0	0
831	500	200	0
884	500	200	1
919	900	0	0
968	800	100	1
1021	500	300	0
1087	700	0	0
65	400	100	0
136	500	200	0
299	800	0	0
305	900	0	0
311	600	100	0
369	800	0	0
376	600	100	0
376	800	0	0
409	500	100	0
456	900	0	1
468	900	100	0
1192	500	100	0
1355	900	0	0
1430	600	100	0
1501	700	200	0
1671	500	0	0
1676	800	100	1
1685	600	100	0
1741	800	100	0
1757	500	200	1
1774	700	100	0
1822	500	0	0
1834	500	100	0
1988	500	0	0
2067	700	200	0
2135	500	100	1
551	700	200	1
622	900	0	0
680	800	300	0
702	500	200	0
769	900	100	0
961	800	300	0
582	900	200	1
589	700	0	1
613	800	300	0
688	700	100	0
848	800	100	1
856	900	300	0
942	500	100	0
942	800	100	0
1020	900	0	0
1055	800	0	0
1058	600	300	0
1221	500	300	0
1297	900	200	1
1327	800	100	0
1339	500	0	0
1431	600	0	0
1437	600	0	0
1553	800	100	0
1607	900	100	1
1621	500	0	0
2307	700	100	0
2365	600	200	0
2386	500	0	0
66	400	0	0
72	400	0	0
188	600	100	0
230	500	200	0
242	700	100	0
255	900	0	1
375	600	300	0
385	700	100	0
528	600	0	0
1750	900	100	0
1893	800	0	0
2053	900	100	0
1711	900	200	0
1715	900	0	1
1750	900	0	1
1801	900	100	0
1881	800	0	0
2138	900	100	0
2201	900	0	0
592	700	200	1
742	800	200	0
773	700	100	0
836	700	0	0
962	800	300	0
1054	600	100	1
1215	600	100	0
1244	900	100	0
1394	800	100	0
1414	500	0	0
48	900	0	0
275	800	0	1
350	700	0	0
358	800	0	0
385	700	0	0
436	700	100	0
454	600	300	0
516	600	0	0
46	400	100	0
163	500	0	0
271	700	0	1
274	700	0	1
310	800	100	0
333	800	0	0
474	800	0	0
610	600	100	0
665	800	100	0
684	700	0	0
720	800	200	0
762	700	100	0
964	500	200	0
990	900	100	1
1064	500	300	0
1639	900	0	0
1663	600	0	0
1806	500	200	0
1975	800	100	0
2049	900	0	0
2055	800	0	0
2103	900	300	1
2127	900	100	0
2356	500	100	1
1376	500	0	0
1376	900	100	0
1379	500	100	0
1411	600	100	0
1433	500	200	0
1528	700	0	1
1636	900	0	0
1203	800	200	0
1276	600	300	0
1338	500	100	1
1345	800	0	0
1393	500	0	0
1436	800	100	0
1449	500	100	0
1688	900	0	0
1726	800	100	0
1785	600	0	1
1786	800	100	0
2058	800	300	1
2151	500	100	0
27	900	0	0
35	500	200	0
83	900	100	0
323	700	0	0
361	600	100	0
421	600	100	0
785	900	100	0
830	900	0	0
840	800	0	0
923	900	300	0
934	600	0	0
1035	500	0	0
1037	700	100	0
2196	500	0	0
2299	800	0	0
2349	500	200	0
2278	900	100	0
50	600	200	0
114	900	0	0
130	800	100	0
183	500	200	0
194	800	0	1
204	900	0	1
1128	900	100	1
1212	800	0	0
1215	500	0	0
1291	600	100	0
1387	500	100	0
1480	500	0	0
1548	700	200	0
1570	500	0	1
1729	500	200	1
1825	800	100	0
1965	500	100	1
575	800	100	1
599	900	100	1
662	900	200	1
821	800	0	0
913	700	100	0
938	700	300	0
975	900	0	1
1007	800	0	1
1008	500	300	0
593	700	0	1
618	900	100	0
716	800	200	0
737	600	200	0
748	900	100	0
784	600	100	0
910	600	0	0
945	500	100	0
975	600	100	1
1094	800	100	0
1224	700	0	0
1280	900	0	0
1492	600	0	0
1524	900	200	0
1525	900	200	0
1621	700	200	0
2275	800	0	0
2310	700	100	0
2340	800	100	0
2350	600	100	1
48	800	0	0
256	500	200	0
387	900	0	0
452	700	100	0
1739	600	200	1
1753	500	0	1
1817	900	100	0
1984	500	100	1
2089	700	300	1
2114	500	100	1
2147	900	300	1
2149	800	100	0
1992	600	0	0
2007	800	0	0
2077	900	100	0
2186	500	0	0
2266	900	0	0
2357	600	200	0
2359	900	0	0
597	600	0	0
642	600	0	0
712	700	100	0
820	900	0	0
901	700	0	0
911	500	300	1
937	800	100	0
994	700	0	1
1057	600	300	0
1063	500	0	0
1119	900	100	1
1223	800	100	0
1444	800	0	0
1518	900	100	1
1544	900	200	0
1563	700	100	0
153	700	100	0
198	500	100	0
488	800	100	0
522	800	100	1
190	500	0	1
203	800	0	1
296	500	200	0
655	900	300	0
660	900	300	0
731	500	0	0
801	900	100	0
842	500	100	1
882	900	100	0
920	600	100	0
956	600	0	0
1038	900	0	0
1661	700	200	0
2096	700	0	1
2167	500	100	0
2207	700	100	0
2285	800	100	0
2321	800	0	0
1123	900	100	1
1145	600	100	0
1196	800	100	0
1225	600	0	0
1291	800	100	0
1304	800	0	0
1394	500	200	0
1430	700	0	0
1555	700	0	0
1315	700	100	0
1441	700	100	0
1593	900	0	0
1597	600	100	0
1638	700	200	0
1682	800	0	0
1695	900	0	1
1799	500	200	0
2085	900	100	0
2097	800	100	0
2108	500	200	0
2119	700	0	1
228	700	0	1
273	500	200	0
317	600	0	0
330	700	0	0
368	800	100	0
720	700	100	0
732	600	100	0
742	900	200	0
754	500	0	0
940	700	300	0
957	500	100	0
959	800	0	1
989	600	200	0
1005	700	0	1
2322	700	100	0
2354	800	200	1
2359	600	0	0
2370	600	300	0
2370	900	0	0
2285	800	0	0
2285	900	0	0
2384	500	200	0
27	600	200	0
45	900	100	0
165	500	200	0
179	800	0	0
252	900	100	0
373	800	100	0
425	500	0	0
434	500	300	0
464	500	100	0
468	700	100	0
512	800	0	0
513	600	100	0
1147	700	0	0
1411	500	100	0
1530	700	200	0
1618	500	100	0
1790	700	0	1
1793	800	200	0
1829	700	100	0
1833	900	100	0
1878	800	100	0
1969	600	0	1
1977	700	300	1
1985	500	100	1
2089	800	300	1
2097	600	200	0
2100	800	100	0
2166	900	0	0
580	900	200	1
619	900	100	0
735	600	100	0
801	700	0	1
915	800	100	0
920	600	0	0
920	700	0	0
594	600	0	0
681	700	100	0
720	400	0	0
817	900	100	1
931	600	100	0
1209	800	100	0
1251	900	200	1
1283	700	200	1
1370	500	0	0
1441	900	0	0
1477	500	100	1
1583	500	200	0
2296	800	100	0
76	700	0	0
111	900	100	0
349	500	0	0
384	600	200	0
384	900	100	0
426	900	0	1
471	800	100	0
536	700	200	1
1714	700	0	1
1749	800	200	0
1750	500	100	1
1792	500	0	1
1834	600	200	0
1932	600	0	1
1989	600	100	0
2046	900	100	0
2085	600	0	0
2112	900	300	1
2136	800	300	1
2183	500	100	0
1711	700	100	0
1768	800	0	1
1792	700	0	1
1929	600	100	1
2030	800	0	0
2049	900	200	0
2093	700	100	0
2163	900	100	0
2203	800	0	0
665	600	0	0
684	700	200	1
728	500	100	0
798	700	100	0
802	700	200	0
838	600	0	0
851	800	200	0
890	500	300	1
897	700	300	0
956	800	100	1
1222	600	100	0
1246	900	0	0
1408	600	0	0
1419	500	100	0
1422	500	0	0
1467	900	0	1
1560	800	200	0
43	400	0	0
46	600	300	0
53	900	100	0
56	900	0	0
102	700	0	0
195	600	200	0
346	500	100	0
373	500	300	0
387	500	300	0
403	600	0	0
427	500	0	0
509	800	100	0
136	900	100	0
333	600	100	0
484	700	100	0
530	900	0	1
604	500	100	0
607	500	0	0
661	900	200	1
713	800	0	1
775	600	0	0
811	600	100	0
811	700	200	0
822	900	200	0
862	500	300	1
911	800	0	0
1004	600	100	1
1666	800	200	0
1698	800	100	0
1802	600	100	0
1805	600	0	0
1849	900	100	0
1896	500	0	0
1972	700	0	0
2140	800	0	1
2149	700	300	1
2176	800	100	0
2369	800	100	0
1149	800	200	0
1273	600	300	0
1303	700	0	0
1314	700	100	0
1502	500	100	1
1547	900	200	0
1122	500	100	0
1213	800	0	0
1297	600	100	0
1317	700	0	0
1328	600	100	1
1409	600	0	0
1659	900	100	1
1674	900	100	1
1781	700	200	0
1827	900	0	0
1860	800	100	0
1981	900	0	0
2028	900	300	1
2109	900	100	0
2179	800	0	0
29	600	300	0
44	400	0	0
75	500	300	0
294	700	100	0
309	700	100	0
374	600	300	0
416	500	200	0
462	700	0	1
495	600	100	0
593	800	200	1
616	700	0	0
663	700	300	0
726	800	200	0
744	700	100	0
757	500	200	0
814	600	0	0
846	600	100	1
976	800	0	1
1002	500	200	0
1009	700	0	0
1014	500	0	0
1032	600	300	0
2211	800	100	0
2367	700	200	1
2374	900	0	0
2379	700	0	0
2199	500	100	0
2372	800	0	0
2387	700	200	1
89	700	0	0
116	600	100	0
177	800	0	0
455	500	0	0
469	500	100	0
532	800	200	1
546	600	0	0
1209	700	100	0
1454	900	0	0
1469	900	200	0
1481	800	100	1
1820	700	0	0
1834	700	100	0
2090	800	100	0
2123	900	300	1
554	500	0	0
571	700	100	1
725	600	100	0
833	900	100	1
842	800	0	0
981	600	200	0
1007	600	0	0
1069	500	0	0
573	700	100	1
675	800	200	1
716	800	100	0
752	700	100	0
867	600	0	0
935	500	200	1
951	600	300	1
1215	700	100	0
1288	900	0	0
1421	700	0	0
1464	600	100	0
1470	800	0	1
1488	700	0	1
1505	500	0	0
29	500	200	0
99	400	100	0
105	600	0	0
107	800	0	0
123	500	0	0
139	900	0	0
336	600	0	0
473	500	100	0
1700	600	200	1
1701	800	0	1
1838	700	100	0
2117	900	100	0
2150	900	300	1
1671	900	100	1
1688	900	100	1
1689	800	0	0
1724	800	200	0
1770	700	0	1
1852	900	0	0
1865	900	100	0
1982	700	300	1
1997	800	200	0
2124	600	200	0
2142	600	100	1
2351	500	0	0
550	500	200	0
556	800	0	1
562	800	0	1
632	600	200	0
777	400	100	0
863	800	0	0
951	800	300	0
985	900	0	1
1132	500	100	0
1217	700	0	0
1276	600	100	0
1457	500	200	0
1570	600	200	0
1595	500	200	0
306	700	100	0
323	700	100	0
324	600	0	0
359	600	200	0
405	500	0	0
434	800	100	0
475	600	300	0
487	700	0	0
58	500	200	0
77	900	100	0
83	800	0	0
141	800	0	0
154	900	100	0
255	600	100	0
312	700	0	0
388	500	300	0
499	900	0	0
626	500	100	1
699	600	200	0
716	400	100	0
719	500	200	0
721	600	200	0
842	900	0	0
849	600	0	0
880	900	0	0
892	900	300	0
917	800	100	0
1677	900	0	0
1698	600	100	1
1865	500	0	0
1991	700	100	0
2029	800	300	1
2064	800	200	0
2080	600	200	0
2081	600	100	1
2208	500	0	0
2214	800	0	0
1178	900	200	0
1206	500	300	0
1334	700	100	0
1440	800	0	0
1443	500	100	0
1520	500	100	1
1620	800	100	1
1103	700	0	0
1153	800	0	0
1482	600	200	0
1658	800	200	0
1662	900	0	0
1737	700	100	0
1753	800	100	0
1789	500	0	1
1816	800	100	0
1863	800	0	0
1981	700	300	1
2123	700	100	0
2126	500	200	0
293	600	200	0
297	700	0	0
372	500	100	0
388	600	100	0
423	900	0	1
451	600	100	0
498	600	0	0
500	600	200	0
758	500	100	0
760	900	200	0
788	800	0	1
806	800	300	0
826	700	100	1
826	800	100	1
833	900	0	0
849	900	100	0
910	800	0	0
938	600	300	1
965	600	0	0
1083	800	100	0
2191	900	100	0
2199	500	0	0
2215	500	100	0
2330	800	0	0
85	900	100	0
147	900	100	0
177	500	0	0
298	600	100	0
418	900	100	0
476	800	100	0
1155	700	0	0
1184	700	0	0
1185	900	200	0
1218	900	200	0
1269	600	300	0
1292	900	200	1
1331	600	0	0
1451	500	100	0
1480	600	200	0
1513	500	100	1
1542	700	0	1
1663	800	100	1
1784	500	100	1
1986	700	200	0
2038	900	300	1
2050	800	0	0
2084	900	100	0
2107	800	0	1
621	500	200	0
629	800	0	0
673	700	300	0
685	600	0	0
719	700	100	0
742	600	0	0
766	800	100	0
867	600	200	1
946	900	0	0
1053	800	100	0
663	900	100	0
695	600	200	0
707	800	100	0
711	800	200	0
815	800	0	0
924	600	200	1
960	800	300	0
1017	500	300	0
1036	900	0	0
1122	500	300	0
1125	500	0	0
1300	600	0	0
1364	700	0	0
1365	700	100	0
1425	700	0	0
1548	600	100	0
2348	500	200	0
289	600	0	1
294	900	100	0
331	600	100	0
510	500	100	0
516	700	100	0
1654	800	0	0
1660	500	100	0
1696	800	100	0
1703	600	0	1
1875	700	100	0
1881	900	100	0
1901	600	100	0
2029	500	100	0
2060	800	200	0
1733	700	0	1
1872	600	100	0
1902	700	0	0
1904	800	0	0
2055	900	300	1
2081	600	200	0
2083	800	0	1
2112	900	0	1
2118	600	200	0
2141	900	100	0
2265	700	100	0
2311	800	100	0
2374	700	100	0
575	900	200	1
576	500	200	0
690	700	300	0
718	600	0	0
747	700	0	1
776	700	100	0
900	500	100	0
946	600	100	0
1009	500	100	1
1373	900	0	0
1380	800	100	0
1495	700	100	1
130	500	100	0
134	800	100	0
317	600	300	0
368	500	0	0
537	500	0	0
539	600	0	0
264	500	100	0
287	700	0	1
350	800	0	0
605	900	200	1
616	500	200	0
623	800	200	1
660	600	100	1
665	800	200	1
764	600	0	0
865	900	100	0
944	900	100	0
1014	600	100	1
1652	900	0	0
1815	800	0	0
1870	900	0	0
1935	600	0	1
1981	700	200	0
2025	800	100	0
2129	800	0	1
2231	500	100	0
2379	800	100	0
1143	900	0	0
1183	900	100	0
1204	800	200	0
1212	700	0	0
1629	700	100	1
1187	900	100	0
1550	800	100	0
1579	900	0	0
1588	900	100	0
1714	500	200	1
1795	600	0	1
1837	700	0	0
2008	600	100	0
2149	900	100	0
2173	600	0	0
71	500	200	0
185	600	100	0
214	700	0	1
223	700	100	0
236	800	100	0
472	500	0	0
784	700	100	0
808	400	0	0
822	900	100	1
867	700	300	0
890	700	300	0
911	800	100	0
1022	500	0	0
2188	500	100	0
2387	700	0	0
2386	700	100	0
2396	800	200	1
119	600	0	0
220	900	0	1
268	500	0	1
377	900	0	0
461	600	300	0
479	900	0	0
532	700	100	1
1094	800	0	0
1210	900	100	0
1275	900	200	1
1484	800	0	1
1586	500	0	1
1633	700	0	0
1743	500	0	1
1820	600	100	0
1845	500	0	0
1897	900	100	0
2002	800	100	0
2003	800	100	0
2062	500	100	0
2139	600	100	1
574	700	0	1
617	800	300	0
637	600	100	1
638	600	100	1
696	900	100	0
731	500	200	0
767	800	0	1
774	400	100	0
898	600	300	1
1021	500	100	1
614	500	0	0
683	900	100	0
710	800	200	0
728	600	0	0
918	800	100	0
999	700	100	1
1003	600	0	0
1069	900	0	0
1140	800	100	1
1167	900	200	0
1210	800	0	0
1220	700	200	0
1258	900	0	0
1336	800	100	0
1428	500	100	0
1444	500	200	0
1461	800	100	1
1475	500	100	1
1559	800	100	0
2364	900	100	0
2368	800	0	0
62	900	100	0
96	600	100	0
109	900	100	0
194	600	100	0
498	700	0	0
1863	900	0	0
1979	700	0	0
2049	500	100	0
2093	800	0	1
1716	800	0	1
1740	600	0	1
1767	800	0	1
2078	900	0	1
2202	500	0	0
2297	800	100	0
2394	800	100	0
713	700	0	1
836	900	0	0
881	900	100	0
889	500	200	1
932	600	100	0
1029	600	100	1
1131	700	100	1
1474	900	100	1
1539	500	200	0
1540	800	200	0
1541	500	100	1
1591	500	0	1
1603	700	200	0
1617	500	0	0
109	700	100	0
175	600	200	0
175	900	100	0
225	900	0	1
238	500	200	0
251	900	0	1
351	600	0	0
392	500	300	0
402	600	0	0
442	500	300	0
117	900	100	0
159	800	100	0
232	600	100	0
359	600	300	0
414	500	300	0
576	700	0	1
607	900	300	0
621	900	300	0
770	500	200	0
862	700	100	0
888	900	0	0
930	800	0	0
969	600	100	1
1092	900	100	0
1805	500	200	0
2011	800	0	0
2133	800	300	1
2227	900	100	0
2334	800	100	0
1142	900	200	0
1199	900	0	0
1216	600	0	0
1216	800	100	0
1350	900	100	0
1362	900	0	0
1483	500	100	1
1539	600	200	0
1597	800	100	0
1378	700	100	0
1664	700	200	0
1841	700	0	0
1934	600	100	1
1977	500	0	1
2070	800	200	0
2092	600	100	1
2121	900	0	1
2135	700	0	1
336	500	300	0
476	500	0	0
521	800	0	1
534	800	0	1
548	700	100	1
611	900	0	1
705	600	200	0
719	800	0	1
727	400	100	0
736	500	200	0
738	800	100	0
756	700	0	1
770	500	0	0
883	700	100	0
900	800	100	0
932	600	300	1
1056	500	100	1
52	500	300	0
102	400	0	0
337	600	100	0
354	600	0	0
358	700	100	0
480	900	0	0
503	700	100	0
528	600	200	0
1218	700	0	0
1263	500	300	0
1333	600	0	0
1467	600	0	0
1471	500	200	0
1524	500	200	0
1702	800	100	0
1719	800	0	1
1723	900	100	0
1759	900	200	0
1766	600	200	1
1779	600	100	1
1846	500	0	0
1868	900	100	0
1956	500	100	1
1987	800	0	0
2131	500	0	0
2149	700	0	1
2173	900	100	0
590	900	100	1
622	600	0	0
765	900	0	1
784	500	0	0
807	800	100	1
808	700	100	1
925	800	300	0
1021	800	0	0
604	700	0	1
671	700	300	0
680	700	300	0
776	500	200	0
798	700	200	0
875	800	100	0
897	900	100	0
921	700	0	0
962	900	300	0
996	600	200	0
1204	600	100	0
1318	500	100	0
1320	500	100	1
1386	500	0	0
2286	900	0	0
2361	800	200	1
132	800	0	0
289	500	0	1
467	600	300	0
511	600	200	0
533	500	100	0
537	500	100	0
1654	700	0	0
1898	700	100	0
1902	700	100	0
1961	600	0	1
2036	900	300	1
2045	900	300	1
2113	800	300	1
1659	600	100	0
1735	900	100	0
1753	600	100	1
1878	900	100	0
1962	500	100	1
2120	900	0	1
2138	600	100	1
2181	900	100	0
2397	500	200	0
554	700	0	1
572	700	200	1
596	900	100	1
671	800	0	0
755	700	0	1
773	400	100	0
816	700	100	1
888	500	0	0
957	600	200	0
1053	600	0	0
1191	700	200	0
1192	800	200	0
1222	900	200	0
1278	600	300	0
1293	800	200	1
1509	800	0	1
1637	900	0	0
144	600	0	0
272	700	0	1
325	500	300	0
370	700	100	0
400	600	300	0
513	700	100	0
132	600	0	0
499	800	100	0
564	700	100	1
649	500	0	0
660	800	100	0
684	500	0	0
851	900	300	0
866	600	200	1
870	500	200	1
901	700	100	0
906	900	300	0
1047	600	0	0
1051	600	300	0
1070	500	100	1
1703	600	200	1
2014	700	0	0
2049	700	0	0
2065	600	200	0
2114	800	300	1
2205	600	100	0
2266	900	100	0
2351	900	200	1
2364	600	100	1
1135	500	0	0
1232	700	200	0
1319	700	0	0
1398	700	100	0
1420	600	200	0
1497	800	0	1
1498	900	200	0
1118	900	100	1
1121	600	100	0
1372	900	100	0
1376	600	200	0
1507	500	100	1
1590	600	200	0
1604	500	200	0
1671	800	0	0
1674	900	0	0
1712	900	0	1
1721	900	200	0
1743	700	200	0
1827	500	0	0
1931	600	0	1
2004	700	300	1
2005	800	100	0
2073	500	200	0
2123	700	300	1
55	800	100	0
90	800	0	0
141	900	100	0
306	600	0	0
309	700	0	0
347	700	0	0
378	500	200	0
461	900	0	1
573	500	0	0
707	900	200	0
831	800	300	0
856	800	100	0
2348	700	0	0
36	400	0	0
139	700	100	0
211	900	100	0
326	700	0	0
1129	700	0	0
1161	800	200	0
1165	700	100	0
1279	600	0	0
1401	600	0	0
1476	600	100	1
1504	900	100	1
1538	900	200	0
1577	500	100	0
1623	900	200	0
1691	900	0	0
2040	700	200	0
2104	700	300	1
2171	800	100	0
570	500	0	0
675	500	200	0
778	600	200	0
806	600	100	0
847	600	200	0
900	900	300	0
913	900	100	0
952	800	300	0
961	800	0	1
983	500	0	0
622	500	0	0
623	800	0	0
668	700	300	0
727	900	100	0
736	800	100	0
776	600	100	0
776	600	200	0
823	500	200	0
872	900	300	0
1041	700	100	0
1274	700	0	0
1302	900	200	1
1333	900	0	0
1386	600	100	0
1466	500	100	0
1515	500	100	1
1612	900	200	0
1634	800	200	0
2369	500	200	0
32	600	300	0
149	900	100	0
269	600	200	0
413	700	0	0
437	800	0	1
456	800	0	1
503	700	0	0
1778	900	0	1
1868	900	0	0
1987	700	0	0
2033	900	300	1
2093	500	100	1
2141	800	100	0
1795	800	100	0
1891	800	0	0
2039	700	300	1
2051	900	0	0
2112	500	100	1
2145	600	0	0
2257	700	0	0
2306	800	100	0
580	700	100	1
608	900	200	1
686	700	0	0
694	800	200	1
746	900	100	0
780	400	0	0
800	700	200	0
828	800	0	0
892	500	0	0
893	600	300	1
896	500	200	1
941	600	100	0
1073	500	100	1
1108	600	0	0
1256	900	100	0
1513	900	0	1
1579	700	0	0
148	700	0	0
213	500	200	0
214	500	0	1
220	600	200	0
229	800	100	0
420	800	100	0
427	500	300	0
526	600	0	0
157	900	0	0
213	600	0	1
258	600	0	1
281	700	100	0
331	600	200	0
607	500	200	0
617	500	200	0
799	700	200	0
840	700	100	1
876	900	100	0
925	500	300	1
949	600	200	1
1646	900	100	1
1696	800	200	0
1748	600	100	1
1905	600	100	0
1972	700	200	0
1982	700	200	0
2034	600	100	0
2205	900	100	0
2395	600	0	0
1119	700	0	0
1200	500	0	0
1247	900	100	0
1293	500	0	0
1299	600	100	0
1414	600	200	0
1523	500	0	0
1578	800	0	0
1608	600	0	0
1623	800	0	0
1251	900	100	0
1333	600	100	1
1337	700	0	0
1361	900	0	0
1608	700	200	0
1691	700	100	1
1729	500	0	1
1854	500	0	0
2007	600	100	0
2102	600	100	1
243	500	200	0
326	500	100	0
363	900	0	0
365	800	100	0
488	900	0	0
572	600	0	0
737	400	100	0
819	700	200	0
841	600	0	0
850	700	200	0
929	900	100	0
936	500	200	1
1010	900	100	1
1060	800	0	0
2206	800	0	0
2350	600	200	0
2376	500	100	1
2398	800	200	1
2213	900	100	0
2335	700	100	0
2395	500	0	0
177	800	100	0
204	500	100	0
499	600	200	0
514	600	200	0
1179	600	100	0
1298	800	0	0
1304	500	0	0
1569	700	100	0
1994	700	0	0
1999	800	100	0
2096	600	0	0
575	800	0	1
590	800	100	1
629	500	0	0
634	600	100	1
668	900	200	1
682	900	300	0
731	400	0	0
848	700	100	1
913	500	200	1
920	800	0	0
970	500	100	1
1029	900	0	0
1052	900	0	0
1085	500	100	1
592	500	100	0
596	700	100	1
656	800	300	0
689	600	200	0
719	400	0	0
723	900	0	1
747	900	100	0
805	500	200	0
903	700	300	0
1037	600	300	0
1042	800	100	0
1100	500	0	0
1184	600	100	0
1443	700	100	0
1446	500	0	0
1585	600	0	1
2375	600	200	0
80	900	0	0
128	800	0	0
180	800	100	0
527	500	0	0
1658	900	200	0
1712	900	200	0
1726	600	100	1
1733	900	200	0
1892	700	0	0
1975	600	0	1
2054	800	200	0
2084	600	0	0
2089	500	0	0
2113	500	100	1
1668	900	0	0
1701	600	0	1
1746	500	100	1
1764	500	200	1
1791	800	200	0
1878	500	100	0
1901	800	0	0
2007	900	300	1
2013	500	0	0
2020	600	100	0
2090	900	0	1
2121	900	300	1
2143	800	300	1
2174	900	100	0
2207	600	0	0
642	700	300	0
647	900	0	0
809	700	100	1
1219	500	0	0
1220	900	200	0
1282	600	100	0
1539	500	100	1
1575	800	0	0
1605	500	100	0
1626	800	200	0
173	900	100	0
210	600	0	1
239	900	100	0
261	600	200	0
303	700	0	0
376	800	100	0
380	900	100	0
512	900	100	0
526	700	200	1
536	600	0	0
77	500	200	0
180	500	0	0
281	600	0	1
355	700	0	0
375	500	0	0
401	500	0	0
454	600	0	0
474	500	100	0
558	500	200	0
667	800	100	0
827	900	300	0
856	500	100	0
856	700	300	0
926	700	100	0
945	900	100	0
1646	800	0	0
1698	900	200	0
1720	900	0	1
1740	700	0	1
1766	700	0	1
1767	600	100	1
1819	800	0	0
1839	700	100	0
2221	700	100	0
2291	900	100	0
2393	600	200	0
1176	700	200	0
1320	600	100	1
1384	800	0	0
1434	800	100	0
1492	600	200	0
1519	600	200	0
1545	700	0	1
1548	600	0	1
1247	800	100	0
1349	500	0	0
1374	800	100	0
1421	600	0	0
1442	700	100	0
1462	900	200	0
1547	500	100	0
1602	500	0	1
1630	500	100	0
1756	800	0	1
2091	500	0	0
2097	700	100	0
56	400	0	0
82	600	300	0
86	500	200	0
181	900	100	0
236	900	0	1
256	800	100	0
264	900	100	0
1796	500	200	1
2112	600	100	1
1527	800	100	1
1272	900	200	1
1613	700	100	1
250	500	0	1
587	700	100	1
679	500	100	1
2377	800	200	1
271	900	0	1
1489	700	100	1
1696	700	0	1
1961	600	100	1
548	900	100	1
838	700	100	1
1711	500	100	1
1971	500	100	1
2356	900	200	1
605	900	100	1
799	700	0	1
1013	500	100	1
1329	600	100	1
234	800	0	1
290	700	0	1
523	800	0	1
726	700	0	1
843	800	100	1
1017	500	100	1
1724	700	0	1
1725	500	200	1
2056	800	300	1
2091	900	0	1
2376	900	200	1
1458	900	100	1
1649	800	100	1
1730	600	200	1
1979	500	100	1
2106	600	100	1
652	500	100	1
732	900	0	1
960	500	300	1
991	900	0	1
241	600	0	1
539	700	200	1
1727	500	100	1
2145	700	0	1
1040	500	100	1
590	900	200	1
828	900	100	1
960	900	100	1
216	700	0	1
1722	800	0	1
1770	900	0	1
2079	800	300	1
2113	600	100	1
659	800	200	1
685	900	200	1
737	900	0	1
763	900	0	1
525	700	200	1
1697	500	200	1
1711	900	0	1
1728	600	0	1
2078	500	100	1
1354	600	100	1
1698	500	100	1
1743	500	100	1
1933	600	100	1
1979	600	0	1
2095	600	100	1
992	900	0	1
532	900	0	1
1147	700	100	1
1310	700	200	1
1533	800	0	1
1608	800	100	1
1730	700	0	1
617	900	200	1
670	900	200	1
784	700	0	1
1016	600	100	1
2388	800	200	1
427	800	0	1
2070	600	100	1
2149	900	0	1
1708	500	100	1
2039	800	300	1
2101	700	300	1
669	600	100	1
828	600	100	1
1488	800	100	1
1559	600	0	1
1565	600	0	1
281	900	0	1
645	700	200	1
890	500	200	1
950	800	100	1
973	900	0	1
1694	600	100	1
1759	500	100	1
2046	700	300	1
2096	500	100	1
1334	500	100	1
1791	600	0	1
2085	500	100	1
461	800	0	1
602	800	0	1
1061	600	100	1
2360	500	100	1
276	500	0	1
1473	800	0	1
2095	700	300	1
605	800	100	1
685	700	200	1
892	600	300	1
968	800	0	1
994	900	100	1
1001	600	100	1
1086	500	100	1
1786	700	0	1
1931	600	100	1
2067	700	300	1
1775	500	100	1
2091	700	0	1
2119	900	300	1
1311	700	200	1
1312	700	200	1
207	600	0	1
266	500	0	1
439	900	0	1
1077	500	100	1
1695	600	200	1
1712	500	0	1
2038	800	300	1
2090	800	0	1
2135	800	0	1
1128	800	100	1
1476	500	100	1
1520	900	100	1
1541	900	0	1
1785	600	100	1
1992	700	300	1
840	500	100	1
1000	900	0	1
1081	500	100	1
2376	800	200	1
2391	800	200	1
199	700	0	1
450	900	0	1
529	700	200	1
1372	600	100	1
1791	500	100	1
1008	800	100	1
592	900	0	1
1375	600	100	1
190	600	100	1
246	900	0	1
1731	500	0	1
1750	600	200	1
1958	500	0	1
2022	700	300	1
2087	800	0	1
938	600	200	1
1111	800	100	1
664	800	200	1
1668	900	100	1
2121	500	100	1
1459	700	100	1
1486	600	100	1
1933	600	0	1
1980	700	300	1
454	900	0	1
561	700	100	1
609	700	200	1
748	900	0	1
889	600	300	1
973	600	100	1
459	700	0	1
543	900	200	1
1937	600	100	1
1968	600	100	1
2013	800	300	1
762	900	0	1
962	500	300	1
961	600	300	1
970	800	0	1
1256	700	200	1
1365	600	100	1
233	600	0	1
528	900	100	1
2072	900	300	1
2075	500	100	1
2099	700	0	1
2104	600	100	1
2106	800	300	1
2109	900	300	1
950	700	0	1
235	800	0	1
530	900	100	1
528	800	100	1
689	700	200	1
991	800	0	1
1702	500	200	1
1796	700	0	1
1477	700	100	1
192	600	100	1
203	600	0	1
211	800	0	1
269	800	0	1
288	500	0	1
583	700	100	1
2370	900	200	1
279	500	0	1
1466	800	100	1
2068	700	300	1
2149	500	100	1
547	700	200	1
548	900	0	1
857	500	200	1
885	600	300	1
1028	600	100	1
1091	600	100	1
600	900	0	1
757	800	0	1
987	900	0	1
1116	800	100	1
1470	700	100	1
1617	700	100	1
1693	800	100	1
1757	700	0	1
1773	500	200	1
1966	500	0	1
1728	500	200	1
1782	800	0	1
2097	900	300	1
570	700	0	1
621	500	100	1
971	600	100	1
192	900	0	1
655	600	100	1
966	700	100	1
1928	600	0	1
2099	500	100	1
1558	500	0	1
1768	500	200	1
823	500	100	1
467	700	0	1
1546	500	100	1
2107	500	100	1
2117	800	300	1
825	600	100	1
860	500	300	1
654	500	100	1
978	700	100	1
247	600	0	1
2069	700	0	1
2071	900	300	1
2372	700	200	1
641	500	100	1
687	700	200	1
834	600	100	1
956	900	100	1
282	500	0	1
644	800	200	1
675	900	200	1
819	900	100	1
839	500	100	1
963	600	300	1
2139	800	0	1
1498	700	100	1
1699	700	0	1
2113	700	300	1
556	900	200	1
1050	500	100	1
201	900	0	1
215	700	0	1
522	900	200	1
1540	800	100	1
1567	500	0	1
1724	600	200	1
1973	900	300	1
2115	800	0	1
2115	900	300	1
840	900	100	1
918	500	200	1
870	600	200	1
977	600	100	1
1257	900	200	1
1310	900	200	1
1595	600	0	1
211	500	0	1
229	700	0	1
2131	500	100	1
1732	500	0	1
562	900	200	1
894	600	300	1
1515	800	100	1
1566	500	0	1
200	900	0	1
260	800	0	1
272	600	0	1
764	900	0	1
799	800	0	1
881	500	200	1
1698	900	0	1
2001	700	300	1
2139	500	100	1
2374	900	200	1
2393	600	100	1
1139	800	100	1
1285	700	200	1
1494	900	0	1
2032	700	300	1
2032	800	300	1
2108	900	300	1
260	600	0	1
521	900	100	1
580	700	0	1
656	900	200	1
2384	700	200	1
218	800	0	1
1247	800	200	1
1330	500	100	1
1464	700	100	1
1496	800	100	1
1761	600	100	1
2116	600	100	1
847	900	100	1
1076	500	100	1
574	900	0	1
1122	900	100	1
1316	800	200	1
1534	700	100	1
428	700	0	1
1793	900	0	1
1940	500	0	1
2144	700	0	1
2364	500	100	1
565	800	0	1
584	800	0	1
609	900	200	1
685	500	100	1
719	900	0	1
751	800	0	1
998	900	100	1
1245	800	200	1
1472	700	100	1
545	800	100	1
537	900	100	1
682	900	200	1
689	800	200	1
956	800	0	1
1070	600	100	1
1702	900	0	1
1648	900	100	1
1706	800	0	1
1736	600	0	1
1751	800	0	1
1754	600	200	1
1759	500	200	1
1769	500	200	1
1930	500	0	1
1939	600	100	1
2103	900	0	1
564	900	0	1
738	700	0	1
834	500	100	1
968	700	0	1
2388	600	100	1
1796	600	200	1
1973	600	100	1
2091	900	300	1
782	900	0	1
968	500	100	1
1005	800	100	1
703	800	0	1
749	700	0	1
817	800	100	1
1526	900	100	1
2083	700	300	1
2114	900	0	1
1682	800	100	1
1713	600	0	1
2018	800	300	1
2149	900	300	1
2366	600	100	1
2372	900	200	1
549	700	100	1
553	900	100	1
591	900	200	1
820	800	100	1
1534	700	0	1
256	800	0	1
545	700	0	1
598	800	100	1
644	700	200	1
941	500	300	1
1703	800	0	1
1710	500	200	1
2132	500	100	1
1496	700	100	1
1512	800	0	1
1536	700	0	1
1774	800	0	1
1960	600	100	1
813	700	100	1
990	900	0	1
274	900	0	1
1249	700	200	1
1504	700	100	1
1549	600	0	1
1716	700	0	1
649	600	100	1
794	700	0	1
569	900	100	1
580	800	100	1
720	800	0	1
753	700	0	1
2385	800	200	1
206	700	0	1
457	800	0	1
1725	900	0	1
1745	500	100	1
1760	500	100	1
1935	500	100	1
2118	900	0	1
2123	700	0	1
2023	900	300	1
2024	800	300	1
2116	800	0	1
554	700	100	1
586	800	0	1
810	800	100	1
829	900	100	1
895	500	200	1
957	800	0	1
199	500	0	1
290	600	0	1
558	700	100	1
1135	800	100	1
1339	600	100	1
1514	700	0	1
1757	500	100	1
1774	500	100	1
2122	900	300	1
231	700	0	1
607	800	0	1
631	800	200	1
729	900	0	1
837	900	100	1
2368	600	100	1
243	900	0	1
1528	700	100	1
1951	500	100	1
2121	800	300	1
585	900	100	1
656	700	200	1
941	600	300	1
961	700	0	1
577	900	0	1
586	900	0	1
843	700	100	1
242	600	0	1
532	800	0	1
536	800	100	1
543	800	200	1
1943	500	0	1
1952	500	0	1
2074	800	0	1
1927	600	100	1
2116	900	300	1
926	600	200	1
1536	700	100	1
541	800	200	1
559	800	0	1
595	700	100	1
601	900	100	1
621	600	100	1
780	900	0	1
1793	500	200	1
1794	800	0	1
1967	500	100	1
2088	900	300	1
1633	800	100	1
1477	700	0	1
281	500	0	1
283	600	0	1
906	500	200	1
2367	900	200	1
2397	900	200	1
194	600	0	1
249	700	0	1
926	500	200	1
961	500	300	1
979	600	100	1
985	700	100	1
1013	600	100	1
1030	500	100	1
947	600	200	1
2362	600	100	1
216	500	0	1
2099	800	300	1
2131	700	0	1
1983	500	100	1
1589	500	0	1
223	900	0	1
932	500	300	1
1002	900	0	1
1723	700	0	1
2061	800	300	1
2112	800	0	1
2119	700	300	1
2369	600	100	1
1114	800	100	1
1257	800	200	1
1315	900	200	1
1511	800	0	1
1513	700	100	1
1626	700	100	1
1946	500	0	1
242	700	0	1
457	700	0	1
580	900	0	1
600	700	200	1
664	900	200	1
954	800	0	1
967	500	100	1
1030	600	100	1
1755	800	0	1
600	800	200	1
872	600	200	1
654	600	100	1
968	900	100	1
1141	700	100	1
1463	900	100	1
220	500	0	1
265	800	0	1
278	800	0	1
463	800	0	1
1721	500	0	1
1731	800	0	1
1954	500	100	1
1979	700	300	1
2351	600	100	1
585	700	200	1
588	900	100	1
676	500	100	1
765	800	0	1
893	500	300	1
1590	500	0	1
224	900	0	1
532	700	200	1
962	700	0	1
983	500	100	1
1705	600	0	1
1713	900	0	1
1720	600	200	1
1964	500	100	1
2078	800	300	1
598	900	100	1
682	500	100	1
2364	700	200	1
2352	500	100	1
1296	900	200	1
1758	700	0	1
1793	700	0	1
1950	600	100	1
2060	700	300	1
986	900	100	1
1084	600	100	1
651	800	200	1
665	700	200	1
1483	900	100	1
1506	600	100	1
1571	500	0	1
205	900	0	1
1975	900	300	1
2073	700	300	1
2111	600	100	1
2150	800	300	1
2092	700	0	1
698	800	200	1
705	800	0	1
936	500	300	1
967	600	100	1
975	900	100	1
999	500	100	1
200	800	0	1
294	600	0	1
1662	700	100	1
1731	700	0	1
2019	800	300	1
1126	900	100	1
1249	900	200	1
1272	800	200	1
1471	800	100	1
1522	900	0	1
1342	500	100	1
1356	600	100	1
1795	900	0	1
2019	900	300	1
247	700	0	1
430	700	0	1
572	800	0	1
813	500	100	1
832	500	100	1
880	500	300	1
939	600	300	1
964	600	300	1
2400	900	200	1
270	600	0	1
1285	800	200	1
1732	500	100	1
2148	700	300	1
625	600	100	1
639	900	200	1
962	500	100	1
669	900	200	1
804	800	0	1
822	600	100	1
890	600	300	1
1015	500	100	1
1096	500	100	1
1333	500	100	1
2145	800	300	1
1654	900	100	1
1738	700	0	1
685	800	200	1
773	900	0	1
1337	500	100	1
1598	500	0	1
232	900	0	1
271	500	0	1
467	900	0	1
796	900	0	1
833	500	100	1
1719	600	0	1
1528	900	100	1
1284	700	200	1
1624	700	100	1
1690	700	100	1
1757	500	0	1
1984	900	300	1
280	600	0	1
469	700	0	1
2377	500	100	1
198	600	0	1
1484	700	0	1
1510	700	0	1
1951	600	0	1
2077	700	300	1
2118	600	100	1
2127	700	300	1
553	800	200	1
580	800	200	1
1031	500	100	1
559	700	100	1
573	700	0	1
817	700	100	1
850	600	300	1
1527	900	100	1
1632	700	100	1
271	800	0	1
469	900	0	1
1707	600	100	1
1751	500	200	1
2099	700	300	1
2133	800	0	1
2134	900	300	1
1742	600	100	1
2021	700	300	1
2134	800	0	1
1539	800	0	1
522	900	100	1
202	800	0	1
573	800	0	1
596	900	0	1
957	900	100	1
1012	600	100	1
1962	500	0	1
1497	700	0	1
1612	800	100	1
1732	800	0	1
1995	900	300	1
1047	500	100	1
2360	600	100	1
2381	800	200	1
223	800	0	1
227	600	0	1
447	900	0	1
1946	600	100	1
2022	900	300	1
572	900	200	1
636	700	200	1
965	900	100	1
800	800	0	1
880	500	200	1
902	600	300	1
1296	700	200	1
209	600	0	1
536	900	100	1
542	700	0	1
2079	500	100	1
1656	700	100	1
1720	700	0	1
2350	900	200	1
585	700	100	1
839	700	100	1
1347	600	100	1
466	700	0	1
219	900	0	1
270	800	0	1
632	500	100	1
884	600	200	1
920	500	200	1
931	600	300	1
971	700	100	1
1063	500	100	1
1705	700	0	1
1252	800	200	1
1467	800	0	1
1585	500	0	1
1662	800	100	1
1664	700	100	1
674	800	200	1
887	500	200	1
989	700	0	1
2359	700	200	1
1945	500	0	1
2095	500	100	1
579	900	0	1
889	500	300	1
581	800	200	1
989	900	100	1
1113	700	100	1
2355	500	100	1
1695	700	0	1
1776	500	0	1
1079	500	100	1
1132	800	100	1
1489	800	0	1
257	500	0	1
263	700	0	1
522	700	0	1
997	900	100	1
1036	500	100	1
1081	600	100	1
1785	900	0	1
2000	800	300	1
2104	900	300	1
2127	900	300	1
2363	500	100	1
1533	600	100	1
1534	600	100	1
1728	800	0	1
2111	500	100	1
454	800	0	1
671	600	100	1
869	500	200	1
992	600	100	1
268	700	0	1
1304	900	200	1
1641	700	100	1
1688	700	100	1
1755	600	200	1
1925	600	100	1
570	800	0	1
590	700	200	1
666	800	200	1
1095	500	100	1
294	700	0	1
531	800	200	1
2121	700	0	1
1751	600	200	1
1634	800	100	1
290	800	0	1
523	700	0	1
571	900	100	1
581	800	100	1
808	700	0	1
1937	500	100	1
2082	500	100	1
2127	500	100	1
2388	900	200	1
1531	700	100	1
2095	800	300	1
655	800	200	1
661	600	100	1
865	500	300	1
895	600	200	1
912	600	200	1
2387	500	100	1
2395	500	100	1
1533	700	100	1
1697	500	0	1
571	700	200	1
583	900	100	1
924	500	200	1
529	800	100	1
1772	800	0	1
1778	800	0	1
1949	500	100	1
2092	500	100	1
2143	500	100	1
1755	700	0	1
1982	600	0	1
687	900	200	1
726	900	0	1
959	600	300	1
1114	900	100	1
1536	600	100	1
1611	900	100	1
191	600	100	1
951	800	100	1
1717	700	0	1
1718	500	100	1
1760	600	200	1
1978	500	0	1
1981	500	0	1
1995	700	300	1
2372	600	100	1
1305	700	200	1
1332	500	100	1
1679	700	100	1
1702	600	100	1
1734	700	0	1
1976	700	300	1
2126	800	0	1
524	700	200	1
2369	700	200	1
191	500	0	1
1326	600	100	1
1632	800	100	1
2055	800	300	1
597	700	200	1
960	500	100	1
1090	500	100	1
1125	800	100	1
1279	900	200	1
200	700	0	1
256	900	0	1
1755	600	0	1
2094	700	0	1
2109	800	300	1
1992	800	300	1
983	800	0	1
1309	900	200	1
420	800	0	1
539	700	100	1
201	600	0	1
280	800	0	1
531	700	0	1
551	900	200	1
637	700	200	1
883	600	200	1
1771	900	0	1
1486	800	100	1
1530	600	100	1
1656	900	100	1
1935	500	0	1
2075	600	100	1
2140	900	300	1
417	700	100	1
569	900	0	1
614	700	200	1
809	900	100	1
898	600	200	1
2388	500	100	1
1488	900	0	1
2080	600	100	1
2107	800	300	1
2131	900	0	1
2133	700	0	1
766	700	0	1
922	500	200	1
961	500	100	1
965	600	100	1
1006	800	0	1
1567	600	0	1
1588	500	0	1
222	900	0	1
417	900	0	1
1711	700	0	1
1783	500	0	1
1993	900	300	1
1749	800	0	1
1763	700	0	1
2079	900	300	1
2093	900	300	1
2133	900	0	1
2146	800	0	1
744	800	0	1
768	700	0	1
1139	900	100	1
443	900	0	1
536	800	200	1
279	700	0	1
523	900	200	1
642	800	200	1
825	900	100	1
1655	900	100	1
1750	800	0	1
2368	700	200	1
1463	700	100	1
1638	800	100	1
1669	800	100	1
2000	900	300	1
189	800	0	1
293	700	0	1
803	900	0	1
836	800	100	1
957	900	0	1
430	900	0	1
446	800	0	1
1494	600	100	1
1715	600	100	1
1796	500	0	1
810	700	100	1
746	700	0	1
814	700	100	1
848	600	300	1
1276	700	200	1
1473	700	100	1
191	700	100	1
264	900	0	1
464	700	0	1
1762	900	0	1
2111	900	0	1
2115	700	300	1
2141	600	100	1
596	800	100	1
841	900	100	1
1617	800	100	1
193	700	0	1
634	800	200	1
674	600	100	1
967	700	100	1
1057	600	100	1
1675	900	100	1
1790	600	0	1
2094	900	300	1
2130	700	0	1
1466	700	0	1
1496	900	0	1
1525	900	0	1
2140	700	300	1
636	500	100	1
1005	500	100	1
1265	800	200	1
276	600	0	1
1705	900	0	1
1766	900	0	1
2009	800	300	1
1715	500	0	1
1974	800	300	1
1982	900	300	1
2027	800	300	1
2074	900	0	1
2141	800	0	1
709	700	0	1
791	800	0	1
848	600	100	1
917	500	200	1
1117	900	100	1
1525	500	100	1
555	900	0	1
605	700	100	1
947	500	200	1
1001	800	100	1
1718	600	0	1
1943	600	100	1
1529	500	100	1
1125	900	100	1
1930	500	100	1
2136	800	0	1
526	800	100	1
564	900	100	1
984	600	100	1
460	800	0	1
1694	600	0	1
1734	500	200	1
2084	700	0	1
609	700	0	1
955	700	0	1
978	800	100	1
979	800	100	1
1025	500	100	1
1038	500	100	1
743	800	0	1
863	500	300	1
918	600	200	1
1600	500	0	1
234	900	0	1
535	800	100	1
2114	700	300	1
1703	600	100	1
1720	500	200	1
2081	800	0	1
2098	900	300	1
2148	900	300	1
573	800	100	1
579	700	200	1
963	500	300	1
987	800	0	1
1472	900	100	1
192	600	0	1
192	800	100	1
949	500	300	1
1068	600	100	1
1704	500	0	1
2120	900	300	1
2016	700	300	1
2042	900	300	1
640	700	200	1
907	600	300	1
963	800	0	1
194	700	0	1
1545	800	100	1
1727	700	0	1
844	900	100	1
897	600	300	1
943	600	300	1
1528	600	100	1
1659	700	100	1
1661	700	100	1
1699	600	0	1
2042	800	300	1
1979	500	0	1
2031	900	300	1
2077	500	100	1
635	600	100	1
1298	800	200	1
1340	600	100	1
295	700	0	1
473	800	0	1
981	800	100	1
990	700	0	1
1714	500	100	1
2367	600	100	1
1476	700	0	1
1598	600	0	1
1462	800	100	1
1762	600	100	1
1797	600	0	1
255	600	0	1
697	900	200	1
2384	800	200	1
2381	900	200	1
1117	800	100	1
1147	800	100	1
1470	900	0	1
1506	900	100	1
1742	800	0	1
588	900	200	1
599	900	200	1
963	700	0	1
610	800	200	1
754	900	0	1
1069	500	100	1
1513	600	100	1
250	700	0	1
1714	600	200	1
1936	600	100	1
2127	600	100	1
2133	900	300	1
2380	800	200	1
554	700	200	1
555	700	0	1
561	800	200	1
1088	500	100	1
269	500	0	1
554	800	0	1
599	800	0	1
672	800	200	1
1010	600	100	1
1640	800	100	1
1674	800	100	1
1703	500	0	1
1988	500	100	1
2011	700	300	1
1290	800	200	1
1541	700	0	1
1277	700	200	1
1352	500	100	1
2070	700	0	1
2072	600	100	1
2134	700	300	1
584	700	200	1
965	600	300	1
983	600	100	1
1078	600	100	1
2375	700	200	1
274	800	0	1
280	500	0	1
545	700	100	1
1254	700	200	1
1520	800	100	1
1724	500	200	1
688	900	200	1
970	700	0	1
975	800	100	1
634	900	200	1
852	600	300	1
1089	500	100	1
1525	800	100	1
195	500	0	1
1787	700	0	1
2081	900	0	1
2083	600	100	1
551	800	0	1
602	800	200	1
716	700	0	1
899	600	300	1
996	600	100	1
1623	800	100	1
521	700	0	1
674	900	200	1
742	700	0	1
795	800	0	1
815	700	100	1
1661	800	100	1
2033	800	300	1
2107	900	0	1
2374	600	100	1
1485	600	100	1
1762	800	0	1
1963	600	100	1
732	800	0	1
953	900	100	1
2390	800	200	1
284	500	0	1
288	900	0	1
2066	700	300	1
2129	500	100	1
2144	500	100	1
771	800	0	1
892	600	200	1
729	700	0	1
856	500	300	1
964	800	0	1
1678	900	100	1
1709	500	0	1
2094	900	0	1
1684	900	100	1
2128	700	0	1
2375	900	200	1
563	700	0	1
633	800	200	1
779	900	0	1
901	500	300	1
1134	800	100	1
293	800	0	1
260	700	0	1
281	800	0	1
563	800	100	1
969	900	100	1
2141	500	100	1
1482	900	0	1
1520	900	0	1
624	500	100	1
806	800	0	1
952	700	0	1
455	800	0	1
1473	900	0	1
1540	600	100	1
1742	500	200	1
1743	700	0	1
2016	900	300	1
653	900	200	1
686	700	200	1
841	700	100	1
900	500	200	1
699	800	0	1
1628	800	100	1
221	700	0	1
1795	700	0	1
1952	600	0	1
1983	900	300	1
2131	700	300	1
1765	500	0	1
2351	500	100	1
2375	800	200	1
598	900	200	1
979	700	100	1
985	900	100	1
1483	600	100	1
246	800	0	1
295	600	0	1
585	900	200	1
1757	800	0	1
2098	600	100	1
1478	700	100	1
1335	500	100	1
1783	900	0	1
1997	700	300	1
418	700	0	1
595	900	200	1
721	800	0	1
922	600	200	1
296	900	0	1
1261	800	200	1
1337	600	100	1
1520	700	0	1
1752	800	0	1
2130	800	0	1
678	900	200	1
560	800	100	1
1001	900	100	1
1266	800	200	1
2367	500	100	1
1789	600	100	1
1790	600	100	1
1985	900	300	1
1709	900	0	1
2374	800	200	1
927	600	300	1
960	800	0	1
1346	600	100	1
1468	900	100	1
533	700	0	1
578	900	100	1
645	500	100	1
1697	800	0	1
1944	500	100	1
2084	600	100	1
1351	500	100	1
1476	900	0	1
1528	900	0	1
2121	600	100	1
603	800	0	1
896	600	300	1
1003	600	100	1
2383	500	100	1
1280	700	200	1
1525	700	100	1
2098	800	300	1
578	800	200	1
687	600	100	1
579	800	0	1
827	900	100	1
837	800	100	1
938	500	200	1
972	900	100	1
1060	500	100	1
1258	800	200	1
1489	600	100	1
2073	900	300	1
2356	600	100	1
662	600	100	1
876	600	300	1
1002	700	100	1
1367	500	100	1
196	500	0	1
559	800	100	1
647	900	200	1
973	800	100	1
982	900	100	1
1006	700	100	1
1066	500	100	1
2136	900	300	1
2348	500	100	1
1539	700	100	1
1651	800	100	1
1775	500	0	1
636	800	200	1
839	900	100	1
877	600	300	1
1004	800	0	1
2399	500	100	1
263	800	0	1
523	800	200	1
1792	600	100	1
2018	700	300	1
570	800	200	1
602	700	200	1
643	600	100	1
987	700	0	1
608	900	100	1
681	500	100	1
696	900	200	1
966	700	0	1
1634	900	100	1
257	900	0	1
1769	700	0	1
1958	600	100	1
1974	500	100	1
1760	600	0	1
1779	600	0	1
1928	600	100	1
1946	600	0	1
608	700	0	1
619	900	200	1
853	500	300	1
958	800	100	1
1510	900	100	1
788	700	0	1
1726	500	100	1
2062	700	300	1
2093	600	100	1
2102	800	0	1
2358	800	200	1
1542	700	100	1
1346	500	100	1
1717	500	100	1
1759	700	0	1
1933	500	0	1
2116	500	100	1
200	600	0	1
215	800	0	1
567	900	0	1
797	900	0	1
523	800	100	1
529	800	0	1
1480	500	100	1
1517	800	100	1
1721	500	100	1
798	800	0	1
1003	900	0	1
557	800	200	1
578	900	0	1
689	900	200	1
855	500	300	1
924	500	300	1
1283	800	200	1
1786	600	100	1
1944	500	0	1
1740	500	0	1
547	700	100	1
720	900	0	1
829	600	100	1
1274	900	200	1
1308	800	200	1
1542	800	0	1
293	600	0	1
643	500	100	1
906	600	300	1
2027	700	300	1
1110	800	100	1
1528	800	100	1
1314	900	200	1
1505	800	0	1
238	800	0	1
982	500	100	1
995	700	0	1
546	700	100	1
1319	800	200	1
1469	700	0	1
651	500	100	1
981	800	0	1
1034	600	100	1
582	900	0	1
587	700	0	1
982	800	0	1
1545	900	0	1
2378	700	200	1
1948	500	0	1
1781	600	0	1
1971	600	100	1
580	800	0	1
943	500	300	1
1492	900	0	1
1555	500	0	1
189	900	0	1
440	800	0	1
1750	600	100	1
2038	700	300	1
2065	700	300	1
1647	800	100	1
1713	500	200	1
1945	600	100	1
2014	800	300	1
866	600	300	1
888	600	200	1
994	900	0	1
2397	600	100	1
422	800	0	1
1374	600	100	1
566	700	100	1
790	900	0	1
675	500	100	1
969	700	100	1
985	800	100	1
538	800	0	1
1727	600	0	1
1738	600	200	1
1772	700	0	1
1781	700	0	1
2086	800	300	1
728	900	0	1
757	900	0	1
877	500	200	1
1016	500	100	1
1293	900	200	1
258	800	0	1
544	900	200	1
546	800	200	1
683	500	100	1
875	600	300	1
1736	600	200	1
1754	600	0	1
1568	600	0	1
1104	600	100	1
1113	900	100	1
1475	900	0	1
2097	600	100	1
291	800	0	1
597	700	100	1
608	800	200	1
911	600	300	1
998	900	0	1
1491	600	100	1
1497	700	100	1
1508	800	0	1
1525	600	100	1
1542	500	100	1
1543	800	100	1
1781	500	100	1
2032	900	300	1
2082	700	0	1
785	900	0	1
579	800	200	1
595	700	0	1
604	900	200	1
820	900	100	1
872	500	200	1
1310	800	200	1
1611	800	100	1
453	900	0	1
1785	500	100	1
1706	600	0	1
1746	800	0	1
2147	700	300	1
2352	700	200	1
937	600	300	1
1052	600	100	1
1129	900	100	1
1318	900	200	1
1371	600	100	1
1618	700	100	1
576	800	0	1
1301	800	200	1
1479	500	100	1
1529	800	100	1
1626	800	100	1
1700	500	200	1
1775	700	0	1
1795	500	200	1
538	800	200	1
568	800	100	1
660	500	100	1
2391	700	200	1
219	800	0	1
286	900	0	1
1459	900	100	1
1542	600	100	1
1795	600	200	1
1959	600	100	1
2072	500	100	1
2094	800	0	1
577	900	200	1
695	900	200	1
789	800	0	1
829	800	100	1
582	900	100	1
610	700	100	1
615	800	200	1
1145	900	100	1
1324	600	100	1
1480	900	100	1
1695	500	0	1
1708	900	0	1
1948	500	100	1
2122	600	100	1
2138	700	0	1
1653	700	100	1
1704	700	0	1
1722	900	0	1
1727	500	200	1
1960	600	0	1
2357	700	200	1
650	700	200	1
955	900	100	1
1280	800	200	1
195	800	0	1
527	800	200	1
791	900	0	1
959	700	0	1
1011	600	100	1
1780	500	200	1
1495	500	100	1
1134	700	100	1
1287	900	200	1
1370	600	100	1
1534	800	0	1
1694	500	0	1
1719	600	100	1
1784	600	100	1
461	700	0	1
985	600	100	1
